0.77,0.70,0.02,0.00,0.04,0.00,0.00,0.00,0.00,0.00,0.00,0.00,0.58,0.00,0.04,0.11,0.06,0.00,0.00,0.00,0.00,0.00,0.84,0.00,0.04,0.00,0.00,0.10,0.00,0.00,0.04,0.04,0.03,0.58,0.00,0.58,0.60,0.02,0.17,0.00,0.10,0.75,0.00,0.12,0.01,0.66,0.00,0.56,0.60,0.00,0.00,0.00,0.68,0.00,0.00,0.00,0.00,0.00,0.65,0.11,0.02,0.58,0.64,0.08,0.07,0.70,0.04,0.00,0.05,0.00,0.11,0.78,0.00,-0.00,0.79,0.60,0.67,0.59,0.10,0.01,0.02,0.73,0.03,0.00,0.07,0.04,0.68,0.00,0.11,0.02,0.04,0.00,0.00,0.00,0.06,-0.00,0.02,0.06,0.00,0.74,0.67,0.00,0.00,0.14,0.01,0.18,0.61,0.63,0.00,0.00,0.10,0.13,0.84,0.69,0.05,0.03,0.00,0.12,0.02,0.10,0.00,0.59,0.00,0.73,0.10,0.07,0.01,0.04,0.75,0.00,0.63,0.00,0.52,0.00,0.00,0.00,0.00,0.06,0.00,0.00,0.00,0.12,0.00,0.10,0.00,0.00,0.09,0.00,0.74,0.09,0.04,0.00,0.03,0.10,0.00,0.00,0.16,0.59,0.09,0.11,0.00,0.79,0.73,0.09,0.03,0.04,0.00,0.00,0.00,0.58,0.09,0.00,0.03,0.00,0.72,0.01,0.06,-0.00,0.05,0.03,0.04,0.10,0.00,0.06,0.09,0.09,0.71,0.01,0.00,0.77,0.00,0.00,0.00,0.00,0.08,0.00,0.00,0.00,0.01,0.08
0.69,0.74,0.01,0.13,0.02,0.09,0.12,0.03,0.08,0.00,0.04,0.01,0.55,0.14,0.00,0.07,0.00,0.12,0.00,0.00,0.06,0.03,0.59,0.00,0.02,0.00,0.00,0.01,0.00,0.04,0.16,0.00,0.00,0.69,0.00,0.68,0.73,0.00,0.04,0.00,0.03,0.64,0.03,0.09,0.03,0.71,0.00,0.68,0.69,0.07,0.03,0.15,0.57,0.09,0.05,0.04,0.00,0.04,0.55,0.00,0.04,0.72,0.76,0.04,0.06,0.77,0.01,0.00,0.00,0.00,0.06,0.65,0.13,0.00,0.67,0.63,0.65,0.71,0.00,0.01,0.00,0.70,0.00,0.00,0.10,0.03,0.77,0.00,0.04,-0.00,0.05,0.00,0.11,0.00,0.00,0.01,0.00,0.00,0.07,0.63,0.65,0.05,0.09,0.05,0.01,0.01,0.68,0.77,0.00,0.00,0.00,0.08,0.62,0.64,0.00,0.07,0.12,0.03,0.09,-0.00,0.00,0.57,0.00,0.74,0.09,0.00,0.00,0.00,0.88,0.07,0.70,0.00,0.78,0.00,0.00,0.15,0.06,0.01,0.07,0.00,0.00,0.00,0.08,0.06,0.08,0.08,0.00,0.00,0.74,0.00,0.00,0.00,0.02,0.06,0.00,0.00,0.10,0.69,0.05,0.03,0.00,0.68,0.67,0.01,0.00,0.00,0.00,0.00,0.14,0.66,0.03,0.00,0.00,0.00,0.68,0.00,0.00,0.00,0.00,0.11,0.03,0.16,0.00,0.00,0.03,0.00,0.64,0.02,0.00,0.64,0.00,0.00,0.03,0.08,0.00,0.00,0.00,0.00,0.00,0.16
0.74,0.63,0.00,0.04,0.08,0.18,0.00,0.00,0.01,0.00,0.04,0.00,0.74,-0.00,0.00,0.12,0.00,0.13,0.00,0.00,0.06,0.03,0.63,0.03,0.02,0.00,0.00,-0.00,0.00,0.02,0.08,0.01,0.01,0.82,0.00,0.64,0.62,0.00,0.03,0.05,0.00,0.73,0.05,0.03,0.06,0.65,0.05,0.73,0.71,0.00,0.00,0.00,0.79,0.00,0.06,0.04,0.19,0.16,0.75,0.00,0.00,0.65,0.73,0.00,0.01,0.68,0.00,0.04,0.14,0.00,0.00,0.69,0.00,0.00,0.66,0.67,0.76,0.54,0.09,0.00,0.00,0.76,0.00,0.00,0.00,0.00,0.65,0.07,0.02,0.03,0.00,0.00,0.00,0.00,0.00,0.00,0.12,0.03,-0.00,0.63,0.63,0.12,0.00,0.07,0.06,0.11,0.69,0.73,0.01,0.05,0.12,0.14,0.64,0.69,0.07,0.05,0.05,0.05,0.00,0.00,0.00,0.70,0.00,0.56,0.07,0.03,0.03,0.00,0.68,0.00,0.71,0.01,0.62,0.05,0.00,0.02,0.09,0.06,0.02,0.00,0.00,0.03,0.01,0.00,0.06,0.00,0.00,0.12,0.71,0.03,0.08,0.06,0.01,0.00,0.05,0.00,0.00,0.69,0.00,0.00,0.00,0.83,0.62,0.02,0.00,0.00,0.00,0.02,0.06,0.68,0.08,0.00,0.08,0.00,0.65,0.01,0.00,0.00,0.00,0.00,0.08,0.01,0.00,0.00,0.00,0.00,0.72,0.12,0.15,0.76,0.00,0.00,0.01,0.10,0.04,0.00,0.03,0.07,0.10,0.02
0.06,0.00,0.55,0.47,0.00,0.00,0.55,0.22,0.10,0.00,0.11,0.15,0.00,0.00,0.02,0.41,0.00,0.01,0.55,0.03,0.00,0.60,0.47,0.67,0.06,0.70,0.04,0.03,0.61,0.00,0.00,0.00,0.05,0.00,0.62,0.09,0.55,0.00,0.00,0.00,0.51,0.00,0.05,0.00,0.00,0.60,0.00,0.04,0.11,0.59,0.00,0.60,0.09,0.09,0.00,0.41,0.00,0.00,0.05,0.09,0.00,0.00,0.66,0.70,0.18,0.00,0.03,0.47,0.10,0.10,0.00,0.03,0.45,0.40,0.49,0.17,0.00,0.00,0.00,0.16,0.00,0.62,0.00,0.44,0.10,0.05,0.23,0.09,0.00,0.00,0.00,0.00,0.20,0.00,0.12,0.04,0.09,0.00,0.01,0.07,0.01,0.00,0.60,0.00,0.53,0.00,0.00,0.05,0.00,0.00,0.03,0.47,0.11,0.01,0.00,0.06,0.11,0.00,0.00,0.02,0.67,0.00,0.02,0.58,0.01,0.54,0.00,0.54,0.10,0.00,0.15,0.07,0.00,0.53,0.04,0.01,0.09,0.00,0.18,-0.00,0.64,0.03,0.00,0.00,0.00,0.00,0.00,0.00,0.00,0.04,0.00,0.03,0.02,0.00,0.07,0.03,0.01,0.00,0.08,0.00,0.63,-0.00,0.65,0.02,0.13,0.04,0.00,0.61,0.00,0.61,0.00,0.57,0.01,0.00,0.00,0.07,0.00,0.00,0.00,0.05,0.00,0.01,0.00,0.55,0.00,0.00,0.14,0.07,0.07,0.07,0.07,0.45,0.00,0.08,-0.00,0.00,0.05,0.09,0.00,0.00
0.00,0.09,0.50,0.68,0.00,0.04,0.59,0.00,0.00,0.00,0.00,0.00,0.00,0.00,0.00,0.66,0.00,0.02,0.62,0.00,0.07,0.57,0.59,0.57,0.00,0.43,0.00,0.00,0.61,0.04,0.00,0.00,0.14,-0.00,0.57,0.08,0.56,0.03,0.00,0.04,0.61,-0.00,0.01,0.03,0.00,0.51,0.00,0.00,0.08,0.72,0.04,0.58,0.00,0.00,0.00,0.62,0.15,0.00,0.00,0.00,0.00,0.03,0.47,0.66,0.01,0.00,0.00,0.71,0.00,0.00,0.01,0.10,0.74,0.54,0.47,0.00,0.11,0.00,0.02,0.00,0.00,0.66,-0.00,0.71,0.03,0.00,0.00,0.00,0.05,0.03,-0.00,0.00,0.00,0.03,0.11,0.00,0.15,0.00,0.00,0.06,0.00,0.00,0.55,0.05,0.61,0.00,0.00,0.00,0.00,0.07,0.06,0.53,0.00,0.14,0.00,0.09,0.01,0.14,0.13,0.00,0.61,0.08,0.00,0.60,0.08,0.54,0.04,0.50,0.00,-0.00,0.09,0.00,0.06,0.48,0.03,0.10,0.01,0.00,0.08,0.00,0.57,0.00,0.08,0.00,0.02,0.03,0.00,0.06,0.08,0.16,0.00,0.01,0.07,0.04,0.00,0.01,0.01,0.00,0.00,0.12,0.45,0.05,0.52,0.00,0.02,0.07,0.03,0.53,0.12,0.55,0.00,0.44,0.00,0.04,0.03,-0.00,0.00,0.13,0.00,0.01,0.00,0.09,0.00,0.53,0.01,0.00,0.00,0.01,0.00,0.16,0.10,0.69,0.00,0.04,0.00,0.00,0.00,0.00,0.02,0.01
0.00,0.01,0.60,0.57,0.04,0.06,0.52,0.00,0.00,0.05,0.00,0.01,0.00,0.02,0.06,0.49,0.07,0.06,0.56,0.00,0.05,0.57,0.71,0.46,0.04,0.61,0.00,0.09,0.55,0.00,0.11,0.02,0.00,0.00,0.74,0.02,0.52,0.08,0.02,0.00,0.53,0.00,0.10,0.01,0.04,0.54,0.06,0.02,0.00,0.49,-0.00,0.64,0.07,0.00,0.07,0.63,0.00,0.00,0.00,0.00,0.00,0.00,0.66,0.65,0.14,0.06,0.00,0.62,0.00,0.12,0.11,0.00,0.64,0.55,0.56,0.05,0.04,0.16,0.00,0.00,0.05,0.64,0.02,0.58,0.02,0.02,0.07,0.04,0.02,0.00,0.04,0.00,0.06,0.03,0.00,0.00,0.00,0.00,0.00,0.00,0.01,0.00,0.53,0.00,0.58,0.05,0.08,0.04,0.06,0.06,0.08,0.63,0.03,0.05,0.00,0.03,0.02,0.02,0.00,0.02,0.64,0.07,0.01,0.56,0.00,0.55,0.03,0.61,0.00,0.00,0.00,0.18,0.07,0.50,0.00,-0.00,0.00,0.00,0.00,0.05,0.62,0.05,0.12,0.05,0.06,0.00,-0.00,0.03,0.04,0.00,0.00,0.00,0.00,0.00,0.09,0.00,0.04,0.00,0.00,0.08,0.48,0.04,0.54,0.00,0.00,0.07,0.11,0.59,0.00,0.58,0.00,0.59,0.00,0.09,0.00,0.08,0.00,0.00,0.00,0.00,0.12,0.00,0.00,0.65,0.09,0.03,0.00,0.00,0.05,0.00,0.00,0.47,0.04,0.02,0.00,0.00,0.00,0.00,0.07,0.03
0.09,0.00,0.00,0.03,0.60,0.56,0.05,0.57,0.00,0.00,0.00,0.00,0.14,0.49,0.16,0.01,0.00,0.14,0.49,0.04,0.01,0.05,0.09,0.00,0.03,0.08,0.47,0.00,0.51,0.00,0.02,0.48,0.03,0.03,0.03,0.36,0.04,0.65,0.00,0.00,0.00,0.01,0.43,0.50,0.07,0.48,0.06,0.00,0.44,0.02,0.08,0.12,0.55,0.57,0.05,0.04,0.00,0.00,0.00,0.00,0.01,0.03,0.00,0.09,0.57,0.51,0.02,0.00,0.00,0.10,0.00,0.62,0.00,0.00,0.00,0.00,-0.00,0.06,0.00,0.00,0.08,0.00,0.08,0.00,0.00,0.00,0.00,0.09,0.06,0.00,0.08,0.00,0.00,0.13,0.00,0.37,0.00,0.44,0.42,0.47,0.00,0.00,0.00,0.11,0.48,0.00,0.07,0.00,0.00,0.00,0.10,0.08,0.00,0.00,0.09,0.00,0.00,0.38,0.14,0.00,0.00,0.00,0.00,0.14,0.12,0.00,0.13,0.08,0.00,0.06,0.00,0.51,0.48,0.00,0.00,0.13,0.02,0.00,0.50,0.00,0.04,0.10,0.08,0.53,0.00,0.00,0.08,0.03,0.01,0.05,0.07,0.00,0.42,0.00,0.00,0.00,0.00,0.52,0.13,0.00,0.41,0.07,0.05,0.00,0.06,0.00,0.08,0.00,0.04,0.45,0.03,0.00,0.00,0.00,0.50,-0.00,0.00,0.10,0.00,0.00,0.07,0.00,0.06,0.06,0.00,0.08,0.00,0.10,0.15,0.00,0.06,0.04,0.00,0.12,0.03,0.00,0.01,0.01,0.00,0.00
0.00,0.00,0.00,0.11,0.47,0.59,0.00,0.62,0.09,0.04,0.10,0.06,0.05,0.66,0.00,0.00,0.00,0.00,0.49,0.00,0.03,0.00,0.02,0.05,0.00,0.00,0.47,0.01,0.39,0.00,0.00,0.63,0.00,0.00,0.00,0.54,0.12,0.53,0.05,0.07,0.20,0.10,0.31,0.51,0.01,0.49,0.00,0.06,0.48,0.02,0.02,0.04,0.70,0.48,0.06,0.00,0.01,0.00,0.00,0.00,0.05,0.15,0.00,0.06,0.51,0.59,0.00,0.13,0.04,0.01,0.04,0.58,0.00,0.00,0.00,0.02,0.00,0.01,0.07,0.00,0.00,0.08,0.08,0.05,0.03,0.00,0.10,0.06,0.08,0.10,0.00,0.05,0.00,0.00,0.00,0.57,0.03,0.45,0.55,0.45,0.00,0.03,0.00,0.00,0.69,0.02,0.00,0.00,0.01,0.01,0.00,0.05,0.07,0.00,0.03,0.16,0.00,0.48,0.01,0.09,0.03,0.00,0.10,0.08,0.04,0.08,0.07,0.00,0.00,0.00,0.00,0.46,0.64,0.06,0.03,0.10,0.00,0.00,0.62,0.00,0.15,0.00,0.03,0.35,0.00,0.04,0.00,0.02,0.00,0.00,0.00,0.13,0.57,0.04,0.00,0.00,0.00,0.54,0.00,0.02,0.50,0.06,0.00,0.05,0.00,0.02,0.00,0.00,0.08,0.67,0.00,-0.00,0.00,0.05,0.61,0.00,0.00,0.00,0.00,0.00,0.00,0.04,0.17,0.00,0.00,0.07,0.02,0.00,0.00,0.18,0.13,-0.00,0.00,0.00,0.03,0.00,0.16,0.01,0.00,0.10
0.04,0.00,0.06,0.03,0.52,0.57,0.00,0.54,0.00,0.00,0.00,0.00,0.01,0.56,0.09,0.00,0.09,0.00,0.57,0.09,0.03,0.00,0.00,0.26,0.00,0.00,0.54,0.00,0.36,0.02,0.04,0.52,0.16,0.05,0.06,0.65,0.00,0.40,-0.00,0.00,0.03,0.02,0.46,0.69,0.05,0.53,0.00,0.08,0.57,0.15,0.00,0.00,0.60,0.42,0.00,0.00,0.00,0.01,0.06,0.01,0.03,0.14,0.13,0.00,0.62,0.52,0.00,0.00,0.06,0.02,0.11,0.68,0.09,0.10,0.00,0.00,0.01,0.00,0.02,0.03,0.08,0.00,0.00,0.00,0.00,0.00,0.00,0.00,0.05,0.00,0.00,0.00,0.00,0.03,0.12,0.45,0.04,0.49,0.49,0.60,0.03,0.00,0.05,0.06,0.39,-0.00,0.00,0.00,0.00,0.00,0.01,0.00,0.00,0.07,0.00,0.00,0.02,0.63,0.00,0.00,0.00,0.00,0.00,0.09,0.03,0.04,0.08,0.00,0.00,0.00,0.00,0.43,0.41,0.00,0.00,0.00,0.04,0.00,0.53,0.00,0.10,0.06,0.20,0.47,0.00,0.00,0.14,0.00,0.00,0.00,0.00,0.00,0.35,0.00,0.06,0.09,0.09,0.48,0.05,0.00,0.52,0.00,0.00,0.16,0.05,0.00,0.01,0.00,0.00,0.39,0.02,0.00,0.01,0.00,0.40,0.00,0.00,0.03,0.00,0.00,0.00,0.13,0.00,0.00,0.07,0.01,0.00,0.13,0.09,0.00,0.00,0.00,0.00,0.02,0.00,0.01,0.00,0.05,0.00,0.00
0.72,0.60,0.08,0.02,0.09,0.19,0.04,0.00,0.11,0.03,0.01,0.00,0.68,0.08,0.02,0.03,0.00,0.00,0.00,0.00,0.12,0.08,0.75,0.08,0.00,0.04,0.00,0.01,0.00,0.01,0.03,0.00,0.01,0.56,-0.00,0.77,0.71,0.00,0.08,0.00,0.00,0.77,0.16,0.00,0.00,0.65,0.08,0.75,0.67,0.03,0.05,0.01,0.59,0.06,0.00,0.04,0.00,0.05,0.65,0.00,0.00,0.62,0.59,0.00,0.08,0.72,0.00,0.00,0.00,-0.00,0.08,0.61,0.07,0.00,0.81,0.68,0.70,0.72,0.00,0.06,0.01,0.49,0.00,0.00,0.00,0.07,0.68,0.00,0.09,-0.00,0.01,0.00,0.04,0.00,0.00,0.00,0.05,0.05,0.11,0.71,0.61,0.03,0.00,0.00,0.00,0.00,0.66,0.74,0.01,0.00,0.05,0.00,0.79,0.56,0.05,0.03,0.05,0.00,0.03,0.00,0.00,0.61,0.00,0.58,0.04,-0.00,0.04,0.01,0.64,0.00,0.77,0.04,0.64,0.03,0.10,0.06,0.00,0.00,0.07,0.06,0.03,0.00,0.00,0.00,0.08,0.03,0.07,0.07,0.60,0.00,-0.00,0.03,0.06,0.00,0.01,0.12,0.07,0.59,0.05,0.06,0.00,0.85,0.67,0.03,0.00,0.00,0.00,0.06,0.00,0.65,0.18,0.00,0.00,0.00,0.64,0.00,0.03,0.03,0.03,0.10,0.00,0.03,0.15,-0.00,0.05,0.00,0.74,0.11,0.02,0.64,0.10,0.00,0.00,0.09,0.05,0.03,0.00,0.03,0.12,0.07
0.08,0.01,0.56,0.46,0.50,0.42,0.59,0.49,0.00,0.02,0.00,0.09,0.11,0.57,0.04,0.47,0.00,0.00,1.02,0.11,0.00,0.72,0.42,0.57,0.00,0.59,0.60,0.00,1.00,0.20,0.09,0.48,0.00,0.00,0.59,0.46,0.50,0.59,0.00,0.15,0.53,0.00,0.47,0.51,0.00,1.06,0.00,0.12,0.47,0.52,0.00,0.55,0.56,0.54,0.00,0.67,0.00,0.11,0.05,0.07,0.00,0.05,0.57,0.48,0.44,0.52,0.13,0.38,0.00,0.07,0.00,0.54,0.63,0.57,0.58,0.00,0.00,0.00,0.00,0.08,0.00,0.46,0.10,0.61,0.00,0.13,0.01,0.05,0.01,0.01,0.01,0.04,0.00,0.00,0.00,0.58,0.14,0.51,0.40,0.37,0.00,0.02,0.60,0.01,1.02,0.00,0.00,0.10,0.00,0.00,0.02,0.50,0.01,0.00,0.03,0.04,0.00,0.45,0.00,0.03,0.68,0.09,0.01,0.65,0.00,0.54,0.07,0.63,0.00,0.01,0.08,0.51,0.49,0.58,0.00,0.05,0.00,0.00,0.39,0.02,0.39,0.00,0.01,0.42,0.00,0.03,0.00,0.11,0.09,0.00,0.00,0.01,0.43,0.06,0.02,0.00,0.00,0.49,0.00,0.10,1.13,0.00,0.66,0.10,0.14,0.05,0.00,0.57,0.01,1.00,0.00,0.52,0.05,0.08,0.51,0.00,0.07,0.00,0.00,0.06,0.00,0.07,0.00,0.58,0.00,0.00,0.14,0.00,0.14,0.00,0.01,0.70,0.06,0.00,0.00,0.05,0.00,0.00,0.00,0.04
0.07,0.00,0.69,0.42,0.00,0.03,0.74,0.14,0.00,0.08,0.10,0.00,0.07,0.14,0.08,0.52,0.07,0.07,0.53,0.00,0.00,0.54,0.56,0.59,0.00,0.57,0.00,0.04,0.62,0.06,0.02,0.02,0.00,-0.00,0.56,0.00,0.60,0.00,0.00,0.00,0.56,0.02,0.08,0.00,0.00,0.62,0.00,0.09,0.00,0.52,0.00,0.53,0.00,0.03,0.09,0.54,0.03,0.21,0.00,0.00,0.09,0.00,0.69,0.65,0.00,0.11,0.07,0.61,0.04,0.00,0.04,0.00,0.61,0.48,0.58,0.03,0.00,0.04,0.16,0.00,0.20,0.62,0.00,0.51,0.01,0.03,0.00,0.13,0.09,0.00,0.00,0.06,0.07,0.00,0.07,0.02,0.05,0.05,0.00,0.02,0.00,0.01,0.56,0.00,0.66,0.00,0.00,0.00,0.05,0.04,0.14,0.62,0.00,0.00,0.00,0.09,0.09,0.14,0.00,-0.00,0.45,0.00,0.05,0.58,0.09,0.57,0.01,0.54,0.05,0.00,0.00,0.00,0.00,0.68,0.03,0.00,0.17,0.13,0.00,0.05,0.41,0.00,0.00,0.05,0.03,0.00,0.01,0.00,0.03,0.13,0.17,0.00,0.00,-0.00,0.04,0.06,0.06,0.13,0.02,0.02,0.64,0.00,0.53,0.05,0.09,0.12,0.02,0.56,0.02,0.54,0.09,0.63,0.00,0.17,0.00,-0.00,0.00,0.00,0.00,0.05,0.00,0.00,0.00,0.54,0.00,0.00,0.00,0.00,0.00,0.04,0.01,0.68,-0.00,0.00,0.04,0.07,0.02,0.03,0.09,0.00
0.00,0.02,0.03,0.02,0.11,0.08,0.03,0.00,0.00,0.00,0.02,0.09,0.00,0.00,0.00,0.07,0.00,0.00,0.07,0.04,0.01,0.00,0.00,0.11,-0.00,0.09,0.09,0.00,0.00,-0.00,0.04,0.02,0.06,0.00,0.04,0.00,0.00,0.00,0.00,0.00,0.08,0.07,0.00,0.00,0.05,0.00,0.00,0.01,0.20,0.13,0.03,0.05,0.01,0.02,0.11,0.00,0.00,0.05,0.05,0.12,0.13,0.00,0.00,0.20,0.05,0.00,0.00,0.00,0.03,0.00,0.07,0.11,0.00,0.05,0.00,0.00,0.10,0.10,0.00,0.09,0.07,0.06,0.00,0.00,0.05,0.00,0.03,0.00,0.00,0.00,0.00,0.00,0.00,0.00,0.00,0.01,0.00,0.02,0.00,0.00,0.00,0.00,0.00,0.06,0.00,0.04,0.00,0.08,0.00,0.04,0.00,0.00,0.05,0.00,0.09,0.00,0.08,0.04,0.00,0.08,0.00,0.00,0.00,0.08,0.00,0.00,0.05,0.00,0.12,0.20,0.00,0.01,0.00,0.12,0.00,0.03,0.00,0.05,0.00,0.00,0.00,0.10,0.05,0.00,0.06,0.01,0.07,0.04,0.00,0.00,0.15,0.00,0.00,0.05,0.00,0.00,0.00,-0.00,0.00,0.00,0.00,0.00,0.00,0.02,0.00,0.00,0.00,0.09,0.19,0.05,0.11,-0.00,0.18,0.05,-0.00,0.00,0.00,0.19,0.10,0.00,0.03,0.00,0.00,0.01,0.05,0.07,0.03,0.00,0.00,0.00,-0.00,0.00,0.04,0.07,0.03,0.02,0.00,0.00,0.00,0.00
0.00,0.02,0.00,0.00,0.17,0.08,-0.00,0.00,0.02,0.15,0.00,0.06,0.04,0.00,0.00,0.00,0.01,0.07,0.00,-0.00,0.01,0.08,0.06,0.01,0.05,0.00,0.00,0.00,0.00,0.00,0.00,0.00,0.00,0.00,0.00,0.00,0.00,0.00,0.00,0.09,0.04,0.00,0.00,0.04,0.07,0.01,0.00,0.05,0.15,0.00,0.00,0.03,0.11,0.00,0.07,0.07,0.00,0.00,0.00,0.00,0.04,0.06,0.00,0.00,0.00,0.00,0.03,0.09,0.00,0.00,0.00,0.00,0.03,0.06,0.00,0.00,0.00,0.09,0.05,0.05,0.00,0.00,0.00,0.00,0.04,0.13,0.00,0.05,0.00,0.00,0.03,0.05,0.00,0.00,0.01,0.00,0.00,0.00,0.00,0.03,0.10,0.04,-0.00,0.05,0.14,0.00,0.05,0.00,0.03,0.05,0.00,0.00,0.08,0.00,0.00,0.05,0.00,0.02,0.06,0.00,0.00,0.07,-0.00,0.00,0.00,0.03,0.00,0.00,-0.00,0.05,0.00,0.00,0.00,0.08,0.00,0.00,0.01,0.00,0.00,-0.00,0.00,0.00,0.00,0.00,0.00,0.00,0.11,0.07,0.06,0.04,0.00,0.00,0.00,0.00,0.07,0.00,0.06,0.00,0.00,0.00,0.00,0.00,0.10,0.00,0.03,0.05,0.00,0.07,0.01,0.05,0.00,0.00,0.00,0.01,0.00,-0.00,0.08,-0.00,0.02,0.13,0.00,0.00,0.00,0.01,0.10,0.00,0.02,0.03,0.00,0.07,0.00,0.10,0.00,0.00,0.09,0.00,0.00,-0.00,0.00,0.00
0.64,0.78,0.00,0.00,0.48,0.52,0.00,0.61,0.00,0.09,0.00,0.07,0.60,0.50,0.06,0.00,0.10,0.00,0.46,0.08,0.05,0.08,0.69,0.00,0.00,0.00,0.47,0.08,0.44,0.02,0.04,0.52,0.08,0.62,0.05,1.12,0.71,0.57,0.00,0.00,-0.00,0.65,0.62,0.61,0.00,1.26,0.11,0.73,1.30,0.00,0.00,0.05,1.19,0.52,0.06,0.04,0.00,0.01,0.66,0.00,0.00,0.67,0.68,0.12,0.53,1.08,0.00,-0.00,0.00,0.00,0.00,1.20,0.03,0.21,0.64,0.62,0.74,0.69,0.00,0.09,0.06,0.62,0.08,0.00,0.09,0.07,0.59,0.00,0.00,0.13,-0.00,0.00,0.09,0.00,0.00,0.55,0.08,0.39,0.64,1.07,0.85,0.00,0.00,0.05,0.41,0.00,0.69,0.72,0.00,0.00,0.04,0.03,0.72,0.74,0.00,-0.00,0.02,0.54,0.00,0.17,0.05,0.76,0.00,0.67,0.01,0.00,0.00,0.11,0.79,0.00,0.70,0.39,1.16,0.00,0.00,0.03,0.00,0.00,0.54,0.00,0.00,0.00,0.14,0.55,0.00,0.00,0.00,0.00,0.54,0.03,0.07,0.05,0.46,0.00,0.13,0.07,0.00,1.24,0.07,0.00,0.50,0.66,0.73,0.00,0.00,0.00,0.14,0.00,0.00,1.17,0.00,0.00,0.03,0.00,1.23,0.01,0.01,0.09,0.08,0.04,0.09,0.00,0.09,0.01,0.00,0.02,0.67,0.10,0.00,0.73,0.08,0.00,0.00,0.07,0.00,0.04,0.00,0.00,0.00,0.08
0.00,0.00,0.03,0.00,0.48,0.41,0.00,0.44,0.21,0.06,0.00,0.00,0.09,0.54,0.10,0.00,0.00,0.00,0.66,0.07,0.13,0.00,0.00,0.08,0.00,0.00,0.49,0.00,0.50,0.00,0.06,0.40,0.00,0.11,0.00,0.48,0.03,0.53,0.10,0.00,0.02,0.04,0.59,0.56,0.00,0.43,0.00,0.06,0.55,0.00,0.00,0.00,0.52,0.56,0.08,0.20,0.00,0.00,0.11,0.07,0.00,0.00,0.10,0.02,0.46,0.51,0.00,0.11,0.00,-0.00,0.12,0.40,0.07,0.00,0.00,0.00,0.00,0.00,0.00,0.06,0.00,0.09,0.04,0.00,0.02,0.01,0.03,0.00,0.01,0.00,0.02,0.00,0.08,0.00,0.00,0.63,0.00,0.49,0.57,0.49,0.00,0.01,0.01,0.11,0.50,0.11,0.00,0.00,0.00,0.00,0.00,0.00,0.04,0.03,0.00,0.13,0.04,0.45,0.12,0.00,0.11,0.11,0.07,0.14,0.00,0.14,0.06,0.05,0.12,0.02,0.00,0.58,0.35,0.00,0.07,0.07,0.00,-0.00,0.41,-0.00,0.05,0.00,0.00,0.56,0.06,0.00,0.14,0.00,0.02,0.00,0.17,0.05,0.45,0.00,0.00,0.00,0.10,0.68,0.00,0.00,0.63,0.08,0.04,0.00,0.00,0.03,0.08,0.10,0.03,0.56,0.00,0.02,0.08,0.01,0.50,0.14,0.00,0.00,0.09,0.00,0.00,0.12,0.12,0.07,0.02,0.00,0.03,0.14,0.12,0.00,0.10,0.00,0.00,0.00,0.00,0.00,0.00,0.00,0.00,0.10
0.00,0.10,0.03,0.06,0.10,0.02,0.00,0.00,0.02,0.02,0.13,0.08,0.00,0.03,0.09,0.00,0.00,0.08,0.00,0.00,0.02,0.00,0.00,0.00,0.04,0.01,0.00,0.00,0.12,0.08,0.00,0.00,0.19,0.07,0.00,0.02,0.05,0.01,0.00,0.00,0.03,0.00,0.05,0.00,0.00,0.00,0.13,0.08,0.01,0.14,0.03,0.02,0.06,0.05,0.13,0.05,0.03,0.01,0.01,0.02,0.00,0.00,-0.00,0.02,0.06,0.01,0.00,0.15,0.10,0.06,0.15,0.00,0.05,0.00,0.00,0.02,0.13,0.02,0.07,0.00,0.00,0.10,0.04,0.06,0.11,0.00,0.00,0.00,0.15,0.00,-0.00,0.02,0.08,0.12,0.00,0.06,0.09,0.00,0.00,0.08,0.10,0.00,0.01,0.00,0.03,0.07,0.20,0.00,0.13,0.00,0.01,0.00,0.01,0.05,0.00,0.00,0.00,0.08,0.05,0.04,0.10,0.05,0.00,0.04,0.08,0.00,-0.00,0.00,0.01,-0.00,0.00,0.00,-0.00,0.03,0.05,0.00,0.00,0.10,0.09,0.09,0.01,0.00,0.05,0.00,0.04,0.00,0.00,0.03,0.00,0.00,0.00,0.00,0.00,0.00,0.11,0.00,0.13,0.05,0.03,0.01,0.05,0.15,0.00,0.04,0.02,0.00,0.00,0.12,0.01,0.00,0.00,0.00,0.10,0.11,0.00,0.00,0.00,0.04,0.00,0.06,0.12,0.04,0.00,0.00,0.08,0.04,0.01,0.06,0.02,0.05,0.00,0.00,0.03,0.02,0.00,0.03,0.00,0.00,0.00,0.00
0.00,0.02,0.00,0.00,0.00,0.00,0.01,0.02,0.05,0.07,0.00,0.09,-0.00,0.03,0.02,0.01,0.01,-0.00,0.00,0.00,0.00,0.00,0.00,0.20,0.04,0.00,0.14,0.07,0.00,0.00,0.00,0.00,0.00,0.00,0.14,0.05,0.00,0.00,0.10,0.00,0.06,0.00,0.02,0.01,0.11,0.00,0.18,0.04,0.00,0.00,0.08,0.08,0.00,0.04,0.00,0.00,0.04,0.00,0.00,0.12,0.06,0.00,0.00,0.00,0.01,0.00,0.14,0.00,0.01,0.00,0.04,0.00,0.00,-0.00,0.09,0.09,0.01,0.00,0.00,0.05,0.13,0.08,0.00,0.06,0.00,-0.00,0.02,0.09,0.00,0.03,0.00,0.00,0.15,0.03,0.04,0.05,0.00,0.12,0.05,0.00,0.00,0.00,0.00,0.00,0.01,0.00,0.00,0.00,0.16,0.00,0.02,0.05,0.15,0.10,0.06,0.00,0.00,0.00,0.00,0.00,0.09,0.00,0.04,0.11,0.00,0.03,0.00,0.05,0.14,-0.00,0.00,0.02,-0.00,0.00,0.00,0.03,0.04,0.00,0.04,0.00,0.04,0.00,0.05,0.00,0.05,0.06,0.00,0.00,0.07,0.01,0.00,0.00,0.00,0.00,0.02,0.08,0.18,0.00,0.07,0.04,0.01,0.06,0.06,0.00,0.00,0.03,0.12,0.02,0.12,0.00,0.05,0.01,0.02,-0.00,0.00,0.01,0.00,0.05,0.00,0.04,0.19,0.00,0.05,0.00,0.07,0.00,0.00,0.00,0.04,0.00,0.00,0.03,0.12,0.00,0.04,0.03,0.04,0.00,0.06,0.00
0.00,0.00,0.00,0.00,-0.00,0.03,0.01,0.00,0.03,0.00,0.08,0.09,0.00,0.00,0.12,0.01,0.00,0.06,0.00,-0.00,0.00,0.00,0.09,0.04,0.09,0.00,0.04,0.00,0.14,0.02,0.01,0.00,0.06,0.12,0.00,0.00,0.00,0.00,0.00,-0.00,0.00,0.00,0.05,0.00,0.05,0.00,0.09,0.00,0.00,0.00,0.00,0.00,0.00,0.06,0.13,0.00,0.20,0.10,0.02,0.00,0.12,0.12,0.11,0.00,0.00,-0.00,-0.00,0.00,0.11,0.00,0.00,0.00,0.00,0.02,-0.00,0.00,0.03,0.05,0.00,0.01,0.00,0.00,0.06,0.00,0.00,0.00,0.00,0.00,0.00,0.13,0.00,0.00,0.10,0.00,0.05,0.00,0.00,0.00,0.00,0.04,0.00,0.11,0.00,0.00,0.00,0.00,0.00,0.01,0.13,0.00,0.05,0.00,0.07,0.04,0.00,0.02,0.00,0.03,0.02,0.01,0.00,0.18,0.00,0.03,0.05,0.12,0.00,0.00,0.00,0.01,0.08,0.01,0.00,0.00,0.00,0.03,0.04,0.06,0.00,0.07,0.10,0.05,0.00,0.02,0.06,0.08,0.08,0.00,0.00,0.00,0.00,0.00,0.03,0.00,0.07,0.00,0.00,0.00,0.00,0.00,0.00,0.09,0.03,0.00,0.18,0.05,0.04,0.01,0.00,0.00,0.10,0.00,0.01,0.04,0.00,0.00,0.07,0.00,0.00,0.05,0.00,0.00,0.00,0.00,0.03,0.15,0.06,0.00,0.10,0.03,0.00,0.00,0.04,0.02,0.08,0.00,0.06,0.13,0.12,0.00
0.65,0.58,0.10,0.12,0.01,0.04,0.00,0.02,-0.00,0.05,0.00,0.00,0.72,0.00,0.00,0.00,0.01,0.00,0.11,0.07,0.00,0.06,0.84,0.04,0.15,0.00,0.00,0.00,0.00,0.00,0.00,0.00,0.00,0.69,0.00,0.55,0.83,0.05,0.04,0.05,0.00,0.72,0.00,0.02,0.04,0.59,0.02,0.76,0.66,0.02,0.09,0.07,0.76,0.10,0.14,0.04,0.04,0.03,0.64,0.10,0.02,0.63,0.74,0.00,0.00,0.79,0.06,0.07,0.00,0.00,0.03,0.65,0.00,0.05,0.69,0.63,0.63,0.56,0.00,0.10,0.00,0.72,0.06,0.02,0.12,0.00,0.70,0.00,0.00,0.02,0.12,-0.00,0.02,0.00,0.00,0.00,0.00,0.00,0.13,0.55,0.70,0.01,0.00,0.00,0.05,0.01,0.63,0.72,0.00,0.06,0.00,0.05,0.47,0.75,0.00,0.18,0.12,0.00,0.00,0.25,0.00,0.67,0.08,0.53,0.04,0.00,0.01,0.01,0.72,0.09,0.69,0.00,0.69,0.00,0.00,0.01,0.00,0.06,0.04,0.09,0.00,0.00,0.00,0.02,0.03,0.11,0.16,0.00,0.58,0.08,0.02,0.21,0.00,0.04,0.05,0.00,0.04,0.49,0.01,0.00,0.05,0.74,0.68,0.00,0.01,-0.00,0.00,0.13,0.05,0.68,0.07,0.10,0.00,0.15,0.61,0.00,0.09,0.00,0.00,0.01,0.05,0.00,0.00,0.00,0.06,0.05,0.66,0.04,0.12,0.68,0.00,0.00,0.00,0.03,0.03,0.06,0.12,0.00,0.00,-0.00
0.00,0.00,0.54,0.62,0.06,0.00,0.59,0.01,0.00,-0.00,0.01,0.00,0.00,0.01,0.10,0.58,0.04,0.00,0.53,0.01,0.07,0.67,0.49,0.75,0.09,0.60,0.08,0.01,0.54,0.02,0.00,0.00,0.12,0.00,0.63,0.00,0.55,0.00,0.00,0.14,0.69,0.00,0.00,0.01,0.07,0.54,0.00,0.03,0.00,0.58,0.07,0.54,0.00,0.00,0.00,0.42,0.00,0.00,0.00,0.00,0.11,0.07,0.51,0.53,0.00,0.05,0.08,0.51,0.14,0.00,0.00,0.00,0.49,0.66,0.47,0.00,0.00,0.05,0.03,0.07,0.11,0.66,0.06,0.61,0.00,0.00,0.04,0.03,0.00,0.02,0.07,0.00,0.00,0.03,-0.00,0.00,0.04,0.05,0.01,0.01,0.00,0.00,0.49,0.00,0.50,0.00,0.00,0.00,-0.00,0.00,0.00,0.52,0.13,0.00,0.02,0.04,0.01,0.02,0.00,0.00,0.47,0.00,0.00,0.61,0.00,0.54,0.16,0.59,0.02,0.18,0.04,0.09,0.01,0.60,0.05,0.04,0.00,0.00,0.00,0.11,0.67,0.00,0.00,0.00,0.00,0.09,0.00,0.00,0.06,0.00,0.00,0.00,0.00,0.04,0.00,0.00,0.00,0.07,0.12,0.00,0.47,0.00,0.72,0.00,0.01,0.03,0.00,0.67,0.06,0.66,0.00,0.65,0.08,0.00,0.03,0.06,0.01,0.00,0.00,0.02,0.00,-0.00,0.00,0.52,0.00,0.08,0.00,0.00,0.13,0.03,0.00,0.53,0.03,0.00,0.01,0.00,0.14,0.04,0.00,0.01
0.00,0.09,0.00,0.00,0.02,0.04,0.00,0.00,0.00,0.12,0.03,0.11,0.12,0.00,0.00,0.08,0.00,0.00,0.12,0.03,0.00,0.03,0.00,0.00,0.00,0.07,0.00,0.01,0.00,0.00,0.11,0.03,-0.00,0.00,0.00,0.00,0.00,0.00,0.03,0.00,0.02,0.09,0.00,0.00,0.01,0.00,0.03,0.04,0.00,0.02,0.05,0.06,0.00,0.13,0.07,0.06,0.13,0.00,0.00,0.00,0.00,0.00,0.05,0.00,0.00,0.00,0.11,0.02,0.00,-0.00,0.09,0.00,0.14,0.00,0.00,0.15,0.00,0.00,0.00,0.00,0.01,0.00,0.00,0.08,0.13,0.00,0.03,0.10,0.05,0.00,0.08,0.00,0.01,0.03,0.05,0.00,0.03,0.00,0.00,0.04,0.13,0.07,0.00,0.00,0.00,-0.00,0.00,0.03,0.12,0.00,0.00,0.00,0.08,0.00,0.00,0.00,0.00,0.02,0.00,0.09,0.12,0.08,0.00,0.08,0.05,0.05,0.04,0.00,0.00,0.00,0.10,0.04,0.00,0.00,0.06,0.00,0.00,0.00,0.06,0.04,0.11,0.00,-0.00,0.00,0.05,0.00,0.00,0.00,0.05,0.16,0.10,0.07,0.09,0.00,0.00,0.00,0.07,0.21,0.07,0.16,0.02,0.00,0.00,0.00,0.11,0.05,0.00,0.11,0.00,0.03,0.00,0.11,-0.00,0.09,0.00,0.09,0.00,0.00,0.00,0.02,0.17,0.09,0.00,0.00,0.11,0.06,0.06,0.10,0.00,0.00,0.00,0.00,0.10,0.00,0.04,0.14,0.00,0.00,0.00,0.00
0.60,0.64,0.51,0.63,0.52,0.54,0.52,0.60,0.00,0.00,0.01,0.04,0.70,0.50,0.09,0.58,0.01,0.00,1.10,0.00,-0.00,0.57,1.35,0.59,0.11,0.67,0.54,0.10,0.96,0.15,0.00,0.50,0.00,0.80,0.57,1.18,1.18,0.36,0.10,0.03,0.52,0.65,0.47,0.55,0.00,1.82,0.00,0.75,1.27,0.59,0.00,0.60,1.11,0.49,0.02,0.59,0.00,0.00,0.57,0.19,0.05,0.80,1.26,0.55,0.48,1.12,0.01,0.60,0.03,0.12,0.10,1.15,0.51,0.50,1.21,0.52,0.69,0.86,0.00,0.04,0.00,1.28,0.03,0.59,0.00,0.03,0.75,0.01,0.00,0.25,0.00,0.00,0.00,0.02,0.01,0.46,0.00,0.49,0.48,1.25,0.71,0.12,0.64,0.08,1.06,0.03,0.65,0.59,0.03,0.07,0.01,0.68,0.69,0.76,0.00,0.00,0.04,0.41,0.00,0.00,0.70,0.70,0.00,1.24,0.02,0.67,0.03,0.60,0.76,0.04,0.64,0.45,1.15,0.59,0.05,0.05,0.00,0.03,0.59,0.02,0.43,0.01,0.00,0.59,0.00,0.00,0.00,0.00,0.62,0.06,0.02,0.09,0.54,0.05,0.02,0.00,0.04,1.11,0.01,0.00,1.06,0.68,1.25,0.08,0.09,0.03,0.06,0.58,0.00,1.72,0.04,0.62,0.00,0.00,1.17,0.08,0.01,0.15,0.09,0.10,0.00,0.06,-0.00,0.68,0.12,0.08,0.74,0.12,0.00,0.68,0.00,0.55,0.00,0.00,0.01,0.00,0.00,0.00,0.07,0.00
0.00,0.00,0.52,0.50,0.49,0.55,0.65,0.59,0.00,0.13,0.00,0.00,0.02,0.65,0.00,0.65,0.00,0.08,1.02,0.00,0.05,0.54,0.51,0.56,0.00,0.39,0.36,0.00,1.08,0.00,0.00,0.61,0.15,0.11,0.60,0.62,0.69,0.54,0.13,0.12,0.63,0.00,0.41,0.64,0.15,1.07,0.00,0.09,0.50,0.68,0.00,0.59,0.60,0.50,0.09,0.57,-0.00,0.11,0.00,0.00,0.03,0.00,0.61,0.66,0.63,0.41,0.02,0.60,0.10,0.00,0.14,0.62,0.60,0.77,0.51,0.00,0.02,0.00,0.02,0.03,0.00,0.60,0.12,0.51,0.04,0.00,0.05,0.00,0.00,0.00,0.00,0.06,0.12,0.00,0.00,0.61,0.00,0.63,0.39,0.45,0.00,0.12,0.61,0.00,1.05,0.01,0.00,0.04,0.00,0.00,0.01,0.60,0.06,0.07,0.04,0.16,0.09,0.50,0.05,0.00,0.73,0.00,0.06,0.72,0.05,0.52,0.03,0.45,0.13,0.00,0.00,0.43,0.58,0.70,0.00,0.01,0.13,0.00,0.38,0.04,0.61,0.03,0.13,0.53,0.00,0.00,0.09,0.02,0.04,0.13,0.00,0.05,0.42,0.00,0.00,0.00,0.04,0.32,0.00,0.01,1.19,0.07,0.49,0.00,0.05,0.00,0.00,0.45,0.00,1.10,0.00,0.52,0.00,0.00,0.39,0.01,-0.00,0.02,0.00,0.00,0.00,0.05,0.02,0.53,0.03,0.03,0.09,0.05,0.00,0.08,0.09,0.45,0.02,0.00,0.00,0.00,0.09,0.00,0.19,0.02
0.00,0.09,0.02,0.00,0.53,0.52,0.10,0.56,0.11,0.00,0.00,0.00,0.00,0.48,0.07,0.00,-0.00,0.00,0.57,0.04,0.00,0.00,0.00,0.00,0.03,0.00,0.52,0.06,0.37,0.03,0.02,0.55,0.01,0.04,0.04,0.52,0.00,0.67,0.00,0.02,0.00,0.00,0.52,0.55,0.09,0.39,0.00,0.10,0.50,0.04,0.00,0.00,0.42,0.54,0.00,0.02,0.00,0.00,0.03,0.00,0.12,0.04,0.00,0.00,0.59,0.55,0.04,0.00,0.04,0.04,0.00,0.51,0.03,0.10,0.12,0.00,0.03,0.00,0.00,0.04,0.00,0.00,0.06,0.00,0.00,0.00,0.00,0.09,0.00,0.00,0.02,0.11,0.00,0.09,0.00,0.52,0.00,0.57,0.56,0.46,0.00,-0.00,0.00,0.00,0.52,0.00,0.01,0.03,0.08,0.00,0.00,0.00,0.04,0.06,0.00,0.00,0.01,0.51,0.13,0.00,0.00,0.00,0.00,0.00,0.10,0.00,0.04,0.06,0.00,0.10,0.00,0.54,0.57,0.00,0.03,0.07,0.00,0.00,0.61,0.09,0.05,0.00,0.00,0.51,0.03,0.00,0.00,0.00,0.00,0.00,0.02,0.02,0.45,0.00,0.00,0.00,0.00,0.59,0.00,0.00,0.49,0.03,0.00,0.00,-0.00,0.06,0.00,0.06,0.01,0.62,0.05,0.00,0.00,0.00,0.56,0.00,0.01,0.13,0.00,0.01,0.00,0.00,0.00,0.00,0.01,0.04,0.07,0.00,0.05,0.01,0.00,-0.00,0.00,0.00,0.00,0.00,0.05,0.00,0.01,0.02
0.00,0.11,0.72,0.59,0.00,0.00,0.57,0.00,0.00,0.00,0.00,0.00,0.00,0.01,0.00,0.46,0.08,0.00,0.64,0.00,0.00,0.70,0.57,0.55,0.17,0.57,0.04,0.04,0.58,0.00,0.00,0.00,0.11,0.00,0.62,0.00,0.44,0.02,0.00,0.13,0.43,0.00,0.00,0.09,0.03,0.68,0.01,0.14,0.02,0.66,0.00,0.65,0.02,0.09,-0.00,0.69,0.00,0.00,0.00,0.00,0.03,0.00,0.49,0.53,0.00,0.17,0.00,0.56,0.00,0.00,0.08,0.01,0.69,0.55,0.54,0.09,0.00,0.04,0.00,0.00,0.04,0.58,0.00,0.59,0.12,0.04,0.00,0.00,0.00,0.00,0.00,0.09,0.19,0.00,-0.00,0.05,0.04,0.08,0.08,0.04,0.06,0.04,0.49,0.00,0.63,0.00,0.01,0.03,0.01,0.00,0.00,0.40,0.00,0.05,0.06,0.05,0.01,0.10,0.00,0.00,0.46,0.00,0.13,0.65,0.02,0.51,0.01,0.46,0.00,0.00,0.00,0.06,0.11,0.49,0.15,0.00,0.08,0.11,0.07,0.00,0.71,0.00,0.18,0.11,0.10,0.07,0.01,0.00,0.02,0.00,0.00,0.00,0.00,-0.00,0.00,0.12,0.00,0.06,0.14,0.00,0.57,0.00,0.56,0.06,0.05,0.00,0.06,0.60,0.12,0.61,0.11,0.61,0.04,0.00,0.01,0.00,0.06,0.10,0.04,0.00,0.05,0.00,0.00,0.56,0.00,0.02,0.00,0.00,0.08,0.07,0.02,0.55,0.06,0.00,0.00,0.04,0.00,0.12,0.05,0.00
0.00,-0.00,0.64,0.49,0.05,0.03,0.63,0.00,0.00,0.04,0.06,0.13,0.12,0.00,0.00,0.48,0.00,0.00,0.70,0.00,0.06,0.52,0.64,0.49,0.08,0.50,0.00,0.00,0.45,0.06,0.06,0.00,0.00,0.00,0.63,0.00,0.59,0.02,0.00,0.12,0.46,0.01,0.00,0.09,0.00,0.40,0.00,0.00,0.00,0.70,0.00,0.43,0.06,0.00,0.17,0.47,0.08,0.08,0.06,0.00,0.04,0.00,0.49,0.56,0.00,0.00,0.00,0.52,0.10,0.00,0.00,0.12,0.48,0.50,0.59,0.10,0.00,0.01,0.02,0.06,0.00,0.52,0.05,0.60,0.00,0.00,0.12,0.11,0.15,0.00,0.00,0.06,0.00,0.00,0.00,0.00,0.00,0.00,0.00,0.10,0.00,0.02,0.63,0.00,0.54,0.00,0.00,0.00,0.00,0.00,0.00,0.74,0.00,0.01,0.00,0.00,0.01,0.02,0.03,0.05,0.53,0.05,0.07,0.47,0.10,0.52,0.00,0.63,0.00,0.00,0.03,0.00,0.21,0.57,0.15,0.11,0.06,0.02,0.00,0.00,0.62,0.13,0.00,0.06,0.00,-0.00,0.00,0.07,0.00,0.00,0.00,0.00,0.00,0.00,0.09,0.00,0.04,0.05,0.00,0.13,0.59,0.00,0.60,0.00,0.01,0.01,0.00,0.53,0.09,0.55,0.00,0.56,0.02,0.00,0.00,0.00,0.01,0.00,0.05,0.08,0.02,0.06,0.05,0.57,0.00,0.00,0.08,0.04,0.02,0.11,0.10,0.50,0.00,0.00,0.06,0.07,0.10,0.08,0.01,0.00
0.66,0.64,0.00,0.05,0.03,0.02,0.21,0.00,0.00,0.03,0.00,0.08,0.66,0.00,0.09,0.04,0.00,0.00,0.09,0.14,0.05,0.05,0.70,0.00,0.00,0.06,0.07,0.00,0.05,0.01,0.00,0.12,0.00,0.64,0.00,0.67,0.71,0.00,0.07,0.00,0.07,0.69,0.04,0.02,0.00,0.77,0.06,0.64,0.62,0.00,0.00,0.09,0.71,0.00,0.09,0.00,0.00,0.00,0.60,0.02,0.07,0.65,0.78,0.04,0.00,0.60,0.00,0.09,0.04,0.00,0.01,0.65,0.01,0.00,0.59,0.67,0.64,0.50,0.00,0.01,0.00,0.70,0.12,0.12,0.00,0.02,0.64,0.00,0.00,0.05,0.00,0.00,0.02,0.04,0.05,0.00,0.00,0.00,0.00,0.89,0.68,0.00,0.00,0.05,0.03,0.02,0.65,0.70,0.00,0.00,0.00,0.05,0.63,0.86,0.00,0.00,0.01,0.03,0.00,0.00,0.00,0.59,0.00,0.65,0.01,0.00,0.03,0.03,0.60,0.00,0.77,0.11,0.67,0.02,0.03,0.00,0.00,0.00,0.10,0.00,0.02,0.00,0.00,0.00,0.03,0.00,0.00,0.00,0.74,-0.00,0.04,0.02,0.05,0.08,0.00,0.00,0.00,0.59,0.00,0.00,0.00,0.66,0.69,0.06,0.11,0.18,0.00,0.05,0.00,0.73,0.07,0.00,0.10,0.09,0.72,0.00,0.00,0.00,0.11,0.00,0.00,0.09,0.04,0.02,0.07,0.00,0.71,0.03,0.01,0.63,0.00,0.11,0.08,0.07,0.00,0.00,0.00,0.05,0.02,0.00
0.00,0.00,0.00,-0.00,0.04,0.00,0.00,0.00,0.12,0.00,0.00,0.00,0.06,0.00,0.00,0.15,0.00,0.04,-0.00,0.00,0.00,0.15,0.05,-0.00,0.04,0.00,0.00,0.00,0.04,0.13,0.08,0.09,0.00,0.00,0.03,0.00,0.02,0.00,0.00,0.16,0.00,0.01,0.00,0.01,0.10,0.04,0.07,0.00,0.00,0.15,0.07,0.00,0.00,0.05,0.00,0.00,0.00,0.02,0.00,0.13,0.11,0.01,0.12,0.00,0.04,0.00,0.03,0.04,0.03,0.00,0.17,0.00,0.08,0.01,0.00,0.04,0.02,0.00,0.00,0.11,0.00,0.00,0.00,0.06,0.00,0.09,0.03,0.01,0.00,0.00,0.14,0.02,0.00,0.11,0.01,0.00,0.01,0.10,0.00,0.00,0.05,0.07,0.00,0.00,0.02,0.05,0.02,0.00,0.00,0.00,0.04,0.00,0.00,0.08,0.10,0.00,0.11,0.00,0.07,0.14,0.00,0.00,0.03,0.08,0.00,0.00,0.00,0.00,0.02,0.02,0.08,0.04,0.11,0.08,0.01,0.09,0.01,0.09,0.16,0.17,0.00,0.20,0.01,0.00,0.10,0.07,0.02,0.00,0.14,0.13,0.06,0.01,0.11,0.12,0.00,0.00,0.01,0.03,0.10,0.11,0.00,0.06,0.09,0.04,0.00,0.14,0.16,0.00,0.04,0.00,0.02,0.00,0.00,0.00,0.00,0.08,-0.00,0.04,0.13,-0.00,-0.00,0.00,0.04,0.00,0.00,0.02,0.13,0.05,-0.00,-0.00,0.14,0.00,0.02,0.05,0.06,0.10,0.00,0.03,0.00,0.07
0.00,-0.00,0.02,0.00,0.00,0.00,0.00,0.00,0.09,0.06,0.01,0.13,0.00,0.02,0.00,0.00,0.00,0.00,0.10,0.03,0.07,0.00,0.09,0.06,0.01,0.02,0.00,0.04,0.08,0.00,0.00,0.04,0.07,0.00,0.08,0.00,0.01,0.02,0.10,0.02,0.07,0.01,0.00,-0.00,0.00,0.08,0.00,0.01,0.00,0.00,0.02,0.01,0.00,0.12,0.10,0.01,0.00,0.00,0.00,0.00,0.00,0.00,0.16,0.10,0.00,0.02,0.00,0.00,0.00,0.01,0.18,0.00,-0.00,0.11,0.00,0.00,0.00,0.00,0.10,0.00,0.00,0.00,0.04,0.25,0.00,0.00,-0.00,0.13,0.00,0.06,0.06,0.00,0.09,0.04,0.00,0.04,0.00,0.03,0.07,0.06,0.09,0.00,0.03,0.00,0.02,0.05,0.00,0.01,0.00,0.00,0.00,0.13,0.08,0.05,0.00,0.11,0.00,0.00,0.06,0.00,0.00,0.00,0.15,0.00,0.11,0.00,0.00,0.00,0.00,0.00,0.04,0.07,0.03,0.00,0.08,0.02,0.01,0.00,0.06,0.01,0.00,0.00,0.10,0.06,-0.00,0.00,0.07,0.00,-0.00,0.00,0.02,0.00,0.00,0.07,0.00,0.00,0.00,0.04,0.03,0.05,0.02,0.13,0.05,0.03,0.07,0.07,0.01,0.01,0.03,0.09,0.03,0.07,0.12,-0.00,0.00,0.00,0.02,0.00,0.01,0.00,0.00,0.10,0.00,0.02,0.00,0.00,0.00,0.04,0.00,0.00,0.00,0.21,0.00,0.00,0.08,0.00,0.00,0.22,0.00,0.03
0.00,0.14,0.00,-0.00,0.00,0.04,0.00,0.00,0.04,0.07,0.00,0.00,0.00,0.00,0.06,0.00,0.14,0.06,0.01,0.05,0.08,0.20,0.00,0.15,0.00,0.00,0.06,0.11,0.11,0.11,0.00,0.04,0.01,0.00,0.02,0.00,0.01,0.05,0.00,0.00,0.09,0.09,0.00,0.09,0.00,0.04,0.00,0.00,0.00,0.00,0.07,0.00,0.01,0.00,0.16,0.04,0.00,0.00,0.04,0.06,0.00,0.00,0.03,0.06,0.00,0.01,0.12,0.00,0.00,0.10,0.00,0.03,0.00,0.07,0.04,0.00,0.00,0.11,0.03,0.00,0.10,0.00,0.07,0.07,0.00,0.03,0.04,-0.00,0.01,0.00,0.00,0.11,0.00,0.04,0.03,0.00,0.06,0.02,0.00,0.03,0.00,0.06,0.00,0.00,0.00,0.00,0.00,0.00,0.00,0.00,0.07,0.02,0.00,0.00,0.00,0.00,0.00,0.08,0.00,0.00,0.12,0.00,0.07,0.00,0.00,0.00,-0.00,0.00,0.07,0.02,0.05,0.00,0.08,0.00,0.01,0.00,0.21,0.08,0.11,0.00,0.03,0.23,0.00,0.00,0.00,0.00,-0.00,0.11,0.00,0.00,0.00,0.02,0.04,0.00,0.00,0.02,0.00,0.00,0.04,0.00,0.09,0.00,0.16,0.10,0.02,0.00,0.07,0.00,0.02,0.00,0.00,0.00,0.00,-0.00,0.00,0.00,0.06,0.13,0.00,0.12,0.03,0.00,0.05,0.00,0.04,0.03,0.09,0.00,0.00,0.03,0.19,0.00,0.07,0.00,0.00,0.03,0.01,0.00,0.00,0.00
0.00,0.05,0.60,0.56,0.00,0.03,0.63,0.00,0.05,0.01,0.00,0.00,0.00,0.06,0.01,0.48,-0.00,0.00,0.52,0.00,0.00,0.56,0.42,0.63,0.01,0.48,0.11,0.00,0.49,0.00,0.00,0.00,0.00,0.11,0.62,0.00,0.56,0.10,0.00,0.10,0.62,0.00,0.00,-0.00,0.00,0.60,0.00,0.01,0.00,0.41,0.00,0.58,0.01,0.00,0.09,0.62,0.02,0.19,0.00,0.00,0.16,0.00,0.42,0.51,0.08,0.00,0.11,0.55,0.00,0.05,0.09,0.03,0.53,0.51,0.56,0.00,0.05,0.00,0.00,0.00,0.00,0.42,0.01,0.48,0.04,0.00,0.00,0.07,0.00,0.02,0.07,0.05,0.00,0.00,0.07,0.00,0.00,0.00,0.00,0.09,0.00,0.00,0.69,0.01,0.57,0.00,0.00,0.05,0.05,0.00,0.00,0.53,0.02,0.00,0.06,0.05,0.08,-0.00,0.00,0.15,0.65,0.01,0.00,0.51,0.00,0.58,0.06,0.43,0.00,0.00,0.04,0.02,0.00,0.61,0.03,0.07,0.00,0.00,0.02,0.01,0.58,0.05,0.08,0.08,0.00,0.04,0.11,0.03,0.09,0.09,0.00,0.11,0.01,0.09,0.07,0.01,0.18,0.00,0.01,0.01,0.61,0.00,0.60,0.00,0.05,0.04,0.11,0.58,-0.00,0.62,0.05,0.59,0.07,0.02,0.00,0.00,0.07,0.00,0.00,0.00,0.00,0.00,0.05,0.56,0.03,0.00,0.00,0.00,0.00,0.00,0.04,0.69,-0.00,0.00,0.03,-0.00,0.00,0.00,0.06,0.17
0.64,0.69,0.06,0.00,0.00,0.07,0.18,0.00,0.00,0.11,0.00,0.00,0.77,0.12,0.13,0.00,0.04,0.00,0.15,0.00,0.00,0.01,0.73,0.00,0.05,0.00,0.09,0.04,0.02,0.00,0.00,0.00,0.00,0.73,-0.00,0.75,0.70,0.03,0.00,0.00,0.00,0.59,0.02,0.06,0.00,0.62,0.00,0.73,0.63,0.04,0.04,0.01,0.67,0.00,0.00,0.00,0.10,0.01,0.70,0.00,0.00,0.77,0.59,0.00,0.00,0.59,0.08,0.02,0.03,0.07,0.01,0.69,0.09,0.00,0.77,0.62,0.64,0.67,0.12,0.00,0.09,0.72,0.00,0.08,0.00,0.00,0.71,0.00,0.00,0.00,0.06,0.13,0.00,0.00,0.00,0.05,0.00,0.04,0.10,0.67,0.69,-0.00,0.00,0.02,0.02,0.00,0.67,0.60,0.12,0.06,0.00,0.03,0.63,0.62,0.00,0.18,0.04,0.00,0.00,0.05,0.00,0.75,0.07,0.73,0.00,0.08,0.13,0.00,0.60,0.02,0.63,-0.00,0.76,0.00,0.09,0.00,0.15,0.00,0.00,0.08,0.00,0.03,0.01,0.00,0.00,0.02,0.10,0.07,0.57,0.00,0.00,0.00,0.00,0.02,0.03,0.11,0.04,0.75,0.00,0.00,0.00,0.64,0.62,0.00,0.01,-0.00,0.03,0.00,0.00,0.71,0.00,0.00,0.01,0.04,0.63,0.02,0.07,0.01,0.00,0.00,0.00,0.03,0.08,0.00,-0.00,0.01,0.68,0.00,0.05,0.64,0.03,0.04,0.06,0.00,0.00,0.01,0.00,0.00,0.10,0.00
0.01,0.01,0.00,0.00,0.50,0.60,0.00,0.53,0.01,0.08,0.00,0.11,0.06,0.45,0.08,0.04,0.10,0.06,0.50,0.00,0.23,0.00,0.00,0.08,0.05,-0.00,0.43,0.01,0.61,0.00,0.00,0.66,0.00,0.00,0.01,0.43,0.04,0.59,0.02,0.00,0.00,0.03,0.56,0.49,0.08,0.53,0.01,-0.00,0.55,0.00,0.11,0.00,0.53,0.56,0.00,0.00,0.00,0.09,-0.00,0.08,0.00,0.00,0.00,0.02,0.44,0.45,0.00,0.00,0.00,0.00,0.00,0.69,0.04,0.00,0.01,0.04,0.00,0.01,0.10,0.00,0.08,0.11,0.00,0.05,0.01,0.00,0.00,0.00,0.09,0.00,-0.00,0.00,0.06,0.00,0.00,0.51,0.00,0.44,0.37,0.44,0.03,0.00,0.00,0.00,0.55,0.00,0.09,0.00,0.00,0.14,0.00,0.01,0.02,0.02,0.00,0.01,0.00,0.54,0.04,0.10,0.04,0.00,0.04,0.01,0.00,0.03,0.04,0.00,0.01,0.03,0.05,0.59,0.48,0.00,0.00,0.00,0.00,0.00,0.53,0.00,0.00,0.00,0.13,0.66,0.00,0.00,0.06,0.02,0.00,0.00,0.00,0.00,0.40,0.02,0.00,0.04,0.16,0.44,0.08,0.08,0.43,0.00,0.00,0.08,0.00,0.00,0.07,0.00,0.00,0.55,0.14,0.00,0.08,0.00,0.46,0.00,0.03,0.05,0.00,0.00,0.06,0.09,0.03,0.00,0.04,0.09,0.00,0.11,0.00,0.00,0.00,0.00,0.00,0.04,0.00,0.10,0.00,0.11,0.03,0.06
0.00,0.00,0.00,0.02,0.00,0.04,0.06,0.00,-0.00,0.00,0.00,0.04,0.00,0.06,0.12,0.00,0.13,0.00,0.00,0.03,0.01,0.00,0.03,0.04,0.00,0.07,0.08,0.00,0.07,0.03,0.13,0.00,0.00,0.13,0.00,0.00,0.02,0.10,0.06,0.12,0.13,0.04,0.08,0.00,0.12,0.00,0.06,0.05,0.04,0.05,-0.00,0.06,0.00,0.00,0.03,0.00,0.03,0.00,0.06,0.00,-0.00,0.00,0.00,0.14,0.00,0.00,0.01,0.00,0.16,0.04,0.08,0.00,0.07,0.02,0.07,0.00,0.04,0.14,0.00,0.03,0.04,0.04,0.08,0.00,0.00,0.08,0.00,0.03,0.01,0.00,0.05,0.00,0.00,0.00,0.00,0.04,0.00,0.00,0.00,0.02,0.00,0.04,0.01,0.00,0.07,0.00,0.01,0.00,0.00,0.02,0.00,0.00,0.00,0.00,0.00,0.02,0.05,0.05,0.07,0.00,0.00,0.09,0.00,0.00,0.00,0.06,0.06,0.00,0.00,0.09,0.00,0.00,0.00,0.07,0.00,0.00,0.00,0.00,0.03,0.00,0.11,0.00,0.00,0.00,0.01,0.00,0.00,0.00,0.00,0.13,0.02,0.00,0.00,0.04,0.09,0.00,0.21,0.00,0.07,0.00,-0.00,0.00,0.06,0.08,0.04,0.00,0.00,0.03,0.00,0.07,0.00,0.06,0.00,0.05,0.00,0.04,0.02,0.00,0.00,0.04,0.00,0.09,0.00,0.05,0.03,0.10,0.00,0.08,0.05,0.03,0.00,0.06,0.12,-0.00,0.00,0.05,0.03,0.00,0.11,0.00
0.00,0.02,0.02,0.04,0.52,0.48,0.13,0.44,0.00,0.00,0.05,0.00,0.00,0.46,0.00,0.11,0.12,0.02,0.59,0.00,0.13,0.23,0.14,0.05,0.00,0.00,0.71,0.00,0.35,0.06,0.00,0.42,0.00,0.00,0.00,0.66,0.00,0.43,0.00,0.00,0.08,0.00,0.46,0.47,0.00,0.35,0.10,0.00,0.38,0.00,0.03,0.00,0.46,0.43,0.05,0.00,0.01,0.01,0.13,0.00,0.11,0.00,0.02,0.00,0.40,0.53,0.00,0.02,0.08,0.09,0.02,0.47,0.10,0.00,0.00,0.00,0.00,0.00,0.03,0.00,0.05,0.00,0.00,0.00,0.13,0.00,0.12,0.00,0.14,0.07,0.00,0.15,0.08,0.00,0.00,0.49,0.00,0.49,0.51,0.46,0.00,0.15,0.02,0.00,0.50,0.11,0.00,0.00,0.00,0.13,0.00,0.08,0.00,0.00,0.00,0.11,-0.00,0.47,0.02,0.00,0.00,0.05,0.00,0.14,0.00,0.07,0.00,0.01,0.00,0.00,0.04,0.54,0.56,0.00,0.02,0.20,0.00,0.00,0.38,0.09,0.00,0.00,0.00,0.29,0.05,0.09,0.00,0.10,0.07,0.00,0.00,0.07,0.40,0.00,0.00,0.23,0.09,0.54,0.01,0.07,0.56,0.06,0.00,0.00,0.00,0.00,0.01,0.00,0.05,0.36,0.05,0.00,0.06,0.08,0.43,0.00,0.06,0.00,0.00,0.00,0.08,0.07,0.00,0.00,0.00,0.00,0.00,0.02,0.05,0.00,0.00,0.00,0.03,0.00,0.05,0.01,0.00,0.00,0.01,0.13
0.10,0.00,0.00,0.02,0.00,0.00,0.02,0.00,0.00,0.03,0.00,0.00,0.00,0.00,0.00,0.00,0.10,0.00,0.00,0.00,0.05,0.00,0.11,0.07,0.00,0.00,0.00,0.00,0.00,0.00,0.06,0.00,0.05,0.01,0.00,0.00,0.02,0.10,0.00,0.00,-0.00,0.01,0.00,0.00,0.09,0.00,0.00,0.05,0.00,0.00,-0.00,0.10,0.11,0.01,-0.00,0.00,0.11,0.00,-0.00,0.13,0.08,0.00,0.00,-0.00,0.09,0.07,0.02,0.00,0.00,0.01,0.12,0.01,0.04,0.07,0.00,0.03,0.00,0.05,0.00,0.00,0.00,0.00,0.04,0.04,0.07,0.00,0.11,0.00,0.02,0.08,0.03,0.00,0.01,0.02,0.10,0.00,0.11,0.08,0.00,0.00,0.00,0.06,0.03,0.00,0.04,0.02,0.00,0.09,0.00,0.00,0.06,0.13,0.01,0.00,0.00,0.00,0.00,0.00,0.00,0.06,0.10,0.00,0.00,-0.00,0.05,0.03,0.00,0.00,0.03,0.02,0.13,0.05,0.02,-0.00,0.09,0.00,0.00,0.00,0.08,0.00,0.00,0.05,0.03,0.06,0.04,0.00,0.00,0.14,0.07,0.00,0.00,0.06,0.00,0.00,0.01,0.00,0.13,0.01,0.00,-0.00,0.00,0.00,0.04,0.07,0.17,0.10,0.00,0.10,0.00,0.06,0.00,0.00,0.00,0.03,0.00,0.00,0.00,0.09,0.08,-0.00,0.00,0.09,0.00,0.00,0.00,0.09,0.03,0.09,0.11,0.00,0.17,0.00,0.08,0.03,0.00,0.10,0.00,0.00,0.00,0.03
0.01,0.00,0.02,0.00,0.09,0.00,0.00,0.00,0.07,0.00,0.09,0.00,0.00,0.00,0.04,0.00,0.00,0.13,0.00,0.00,0.00,0.09,0.00,0.01,0.00,0.05,0.00,0.05,0.11,0.00,0.00,0.09,0.16,0.11,0.00,0.04,0.11,0.13,0.00,0.05,0.11,0.01,0.00,0.02,0.00,0.00,0.08,0.03,0.00,0.03,0.00,0.05,0.00,0.00,0.00,0.08,0.00,0.00,0.06,0.00,0.00,0.00,0.06,0.11,0.08,0.01,0.00,0.00,0.00,0.01,0.00,0.08,0.00,0.00,0.00,0.00,0.00,0.00,0.00,0.00,0.00,0.00,0.00,0.07,0.00,0.02,0.07,0.03,0.13,0.08,0.05,0.09,0.09,0.12,0.14,0.06,0.00,0.00,0.00,0.02,0.05,0.01,0.07,0.07,0.00,0.04,0.00,0.00,0.00,0.00,0.00,0.04,0.00,0.00,0.00,0.00,0.01,0.00,0.07,0.00,0.00,0.00,0.13,0.00,0.00,0.07,0.05,0.00,0.13,0.00,0.02,0.00,0.05,0.14,0.00,0.00,0.00,0.00,0.10,0.10,0.02,0.14,0.00,0.07,0.04,0.00,0.05,0.07,0.00,0.00,0.00,0.00,0.00,0.03,0.24,0.14,0.10,0.00,0.04,0.03,0.11,0.08,0.03,0.03,0.00,0.01,0.00,0.10,0.08,0.00,0.00,0.02,0.00,0.01,0.01,0.03,0.00,0.00,0.00,0.01,0.02,0.00,0.05,0.00,0.00,0.00,0.02,0.00,0.00,0.01,0.03,0.00,0.00,0.03,0.03,0.00,0.00,0.00,0.04,0.08
0.00,0.00,0.00,0.06,0.00,-0.00,0.00,0.05,0.00,0.00,0.07,0.09,0.03,0.00,0.00,0.00,0.00,0.00,0.00,0.06,0.01,0.09,0.00,0.13,0.01,0.08,0.00,0.11,0.00,0.00,0.00,0.00,0.03,0.00,0.00,0.00,0.00,0.00,0.05,0.11,0.01,0.00,0.09,0.03,0.00,0.09,0.03,0.07,0.07,0.00,0.00,0.00,0.00,0.09,0.00,0.22,0.00,0.01,0.08,0.00,0.00,0.07,0.14,0.18,0.02,0.08,0.00,0.11,0.00,0.12,0.00,0.00,0.00,0.09,0.05,0.00,0.03,0.01,0.09,0.11,0.00,0.13,0.00,0.00,0.03,0.00,0.04,0.00,0.06,0.07,0.17,0.00,0.05,0.00,0.08,0.01,0.00,0.00,0.00,0.01,0.10,0.11,0.00,-0.00,0.00,0.08,0.04,0.00,0.01,0.04,0.01,0.03,0.14,0.07,0.00,0.01,0.00,0.05,0.11,0.01,0.14,0.01,0.17,0.01,0.01,0.00,0.00,0.11,0.15,0.00,0.05,0.00,0.00,0.00,0.00,0.00,0.00,0.00,0.00,-0.00,0.09,0.09,0.00,0.10,0.08,0.01,0.00,0.01,0.09,0.03,0.00,0.00,0.12,0.00,0.00,0.02,0.00,0.00,0.00,0.15,0.00,0.00,0.00,0.00,0.00,0.00,0.00,0.00,0.01,0.06,0.02,0.00,0.00,0.00,0.06,0.18,0.00,0.00,0.02,0.09,0.00,0.06,0.15,0.00,0.00,0.17,0.04,0.00,0.00,0.05,0.00,0.04,-0.00,0.03,0.00,0.00,0.00,0.06,0.00,0.00
0.08,0.01,0.00,0.00,0.49,0.53,0.03,0.52,0.00,-0.00,0.00,0.00,-0.00,0.33,0.00,0.14,0.04,0.04,0.40,0.02,0.07,0.03,0.03,0.00,-0.00,0.00,0.55,-0.00,0.42,0.03,0.05,0.54,0.02,0.00,0.00,0.53,0.00,0.52,0.00,0.00,0.08,0.07,0.56,0.47,0.15,0.60,0.00,0.00,0.53,0.00,0.00,0.00,0.45,0.44,0.07,0.01,0.00,0.00,0.00,-0.00,0.02,0.13,0.00,0.13,0.50,0.48,0.06,0.00,0.00,0.00,0.01,0.46,0.00,0.02,0.00,0.13,0.00,0.00,0.00,0.00,0.05,0.03,0.00,0.00,0.08,0.03,0.00,0.09,0.11,0.00,0.06,0.17,0.00,0.10,0.00,0.33,0.00,0.64,0.49,0.50,0.09,0.00,0.00,0.06,0.45,0.00,0.11,0.00,0.05,0.03,0.05,0.00,0.05,0.04,0.00,0.11,0.02,0.61,0.00,0.00,0.06,0.09,0.06,0.00,0.09,0.00,0.00,0.03,0.00,0.00,0.00,0.45,0.42,0.00,0.00,0.03,0.00,0.14,0.59,0.00,0.13,0.00,0.00,0.57,0.00,0.13,0.00,0.07,0.00,0.00,0.00,0.00,0.37,0.01,0.00,0.02,0.09,0.61,0.00,0.00,0.55,0.07,-0.00,0.11,0.08,0.00,0.06,0.05,0.00,0.55,0.00,0.07,0.00,0.04,0.55,0.00,0.00,0.00,0.17,0.12,0.13,0.09,0.00,0.00,0.07,0.02,0.01,0.00,0.00,0.00,0.00,0.14,0.00,0.00,0.18,0.06,0.07,0.00,0.00,0.00
0.00,0.05,0.08,0.03,0.04,0.00,0.03,0.00,0.01,0.16,0.00,0.00,0.03,0.00,0.09,0.02,0.03,0.12,0.00,0.00,0.05,0.06,0.13,0.00,0.00,0.21,0.04,0.14,0.14,0.15,0.00,0.01,0.12,0.06,0.00,0.05,0.06,0.10,0.00,0.00,0.00,0.06,0.09,0.00,-0.00,0.00,0.08,0.00,0.00,0.00,0.05,0.00,0.00,-0.00,0.07,0.00,0.06,0.11,0.09,0.00,0.00,0.00,0.00,0.00,0.08,0.00,0.15,0.00,0.03,0.05,0.00,0.10,0.05,0.11,0.04,0.01,0.00,0.07,0.00,0.00,0.05,0.06,0.00,0.04,0.12,0.00,0.00,0.07,0.00,0.01,0.00,0.03,0.01,0.14,0.00,0.00,0.00,0.00,0.00,0.05,0.00,0.00,0.08,0.01,0.00,0.17,0.00,0.00,0.16,0.00,0.00,0.04,0.07,0.00,0.00,0.19,0.16,0.00,0.00,-0.00,0.07,0.00,0.06,0.00,0.00,0.12,0.00,0.00,0.00,0.09,0.01,0.10,0.07,0.00,0.04,0.07,0.00,0.10,0.00,0.05,0.00,0.02,0.08,0.00,0.04,0.00,0.15,0.05,0.03,0.04,0.04,0.00,0.00,0.00,0.00,0.11,0.15,0.01,0.06,0.00,0.09,0.00,0.00,0.01,0.00,0.08,0.10,0.00,0.08,0.15,0.07,0.06,0.00,0.11,0.10,0.01,0.13,0.00,0.03,0.00,0.11,0.00,0.00,0.00,0.00,0.02,0.00,0.00,0.07,0.10,0.06,0.00,0.00,0.00,0.01,0.07,0.00,0.00,0.00,0.00
0.00,0.02,0.74,0.63,0.00,0.02,0.43,0.09,0.16,-0.00,0.00,0.05,0.02,0.12,0.04,0.63,0.03,0.14,0.59,0.00,0.00,0.70,0.54,0.47,0.00,0.72,0.00,0.08,0.63,0.00,0.07,0.01,0.00,0.00,0.53,0.01,0.68,0.00,0.06,0.08,0.58,0.00,0.00,-0.00,0.04,0.62,0.00,0.16,0.02,0.58,0.00,0.64,0.04,0.01,0.00,0.49,0.00,0.13,0.00,0.01,0.00,0.15,0.48,0.51,0.10,0.05,0.00,0.50,0.07,0.00,0.02,0.09,0.49,0.61,0.65,0.00,0.00,0.00,0.05,0.10,0.00,0.56,0.04,0.61,0.07,0.03,0.02,0.09,0.05,0.08,-0.00,0.00,0.12,-0.00,0.02,0.02,0.00,0.07,0.00,0.00,0.02,0.02,0.72,0.00,0.54,0.09,0.00,0.08,0.03,0.00,0.00,0.54,0.00,0.00,0.00,0.00,0.00,0.00,0.00,0.00,0.62,0.00,0.00,0.53,0.00,0.40,0.07,0.65,0.03,0.03,0.00,0.06,0.07,0.63,0.02,0.04,0.01,0.00,0.09,0.09,0.51,0.00,0.00,0.09,0.09,0.00,0.00,0.14,0.10,0.04,0.08,0.11,0.00,0.00,0.13,0.00,0.00,0.10,0.07,0.00,0.49,0.00,0.49,0.16,0.00,0.00,0.12,0.60,0.09,0.58,0.00,0.71,0.11,0.10,0.02,0.00,0.00,0.00,0.00,0.00,0.00,0.00,0.03,0.52,0.08,0.00,0.00,0.00,0.00,0.00,0.10,0.61,0.00,0.00,0.11,0.00,-0.00,0.00,0.00,0.09
0.08,0.11,0.05,0.02,0.63,0.54,0.00,0.39,0.00,0.00,0.00,0.00,0.00,0.67,0.04,0.00,0.03,0.00,0.54,0.00,0.00,0.02,0.00,0.00,0.00,0.00,0.50,0.00,0.44,0.00,0.00,0.42,0.14,0.00,0.01,0.48,0.11,0.55,0.00,0.08,0.00,0.10,0.66,0.54,0.02,0.47,0.00,0.00,0.55,0.00,0.00,0.00,0.54,0.54,0.16,0.02,0.07,0.15,0.00,0.09,0.04,0.11,0.00,0.00,0.49,0.54,0.00,0.00,0.07,0.01,0.00,0.49,-0.00,0.00,0.00,0.06,0.16,0.00,0.10,0.04,0.06,0.04,0.00,0.06,0.03,0.07,-0.00,0.07,0.00,0.00,0.00,0.07,0.00,0.00,-0.00,0.51,0.03,0.51,0.48,0.60,0.02,0.09,-0.00,0.00,0.49,0.14,0.01,0.00,0.00,0.00,0.07,0.00,0.00,0.00,0.00,0.05,0.00,0.63,0.06,0.00,0.00,0.02,0.03,0.05,0.00,0.00,-0.00,0.00,0.00,0.00,0.07,0.58,0.46,0.06,0.04,0.00,0.00,0.02,0.47,0.10,0.01,0.05,0.01,0.45,0.00,0.00,0.00,0.00,0.13,0.15,0.00,0.05,0.47,0.00,0.00,0.00,0.00,0.46,0.09,0.00,0.49,-0.00,0.03,0.05,0.06,0.00,0.00,0.01,0.01,0.46,0.00,0.00,0.07,0.00,0.62,0.00,0.01,0.03,0.05,0.03,0.00,0.03,0.00,0.03,0.00,0.05,0.11,0.01,0.10,0.01,0.00,0.00,0.00,0.02,0.02,0.00,0.08,0.07,0.00,0.00
0.14,0.00,-0.00,0.00,0.48,0.54,0.00,0.55,0.00,0.07,0.00,0.07,0.00,0.42,0.04,0.05,0.10,0.07,0.48,0.00,0.00,0.02,0.00,0.12,0.00,0.07,0.55,0.00,0.31,0.00,0.01,0.58,0.04,-0.00,-0.00,0.48,0.04,0.55,0.00,0.00,0.11,0.00,0.60,0.48,0.03,0.54,0.11,0.04,0.62,0.10,0.00,0.00,0.62,0.51,0.05,0.00,0.00,-0.00,0.07,0.03,0.00,0.00,-0.00,0.05,0.52,0.34,0.03,0.00,0.01,0.07,0.03,0.56,0.00,0.00,0.00,0.13,0.00,0.00,0.13,0.18,0.02,0.04,0.00,0.05,0.02,0.01,0.00,0.00,0.04,0.13,0.08,0.00,0.00,0.00,0.07,0.57,0.03,0.46,0.57,0.42,0.00,0.00,0.00,-0.00,0.55,0.00,0.06,0.12,0.14,0.00,0.02,0.00,0.12,0.11,0.07,0.00,0.00,0.51,0.08,0.03,0.02,0.04,0.02,0.01,0.05,0.00,0.04,0.00,0.01,0.06,0.13,0.56,0.54,0.01,0.01,0.01,0.00,0.02,0.52,0.00,0.03,0.08,0.12,0.50,0.00,0.00,0.04,0.00,0.00,0.11,0.00,0.12,0.52,0.00,0.16,0.00,0.00,0.45,0.08,0.00,0.39,0.06,0.04,0.00,0.12,0.00,0.00,0.01,0.00,0.54,0.00,0.00,0.03,0.00,0.61,0.00,0.13,0.01,0.15,0.00,0.06,0.00,0.06,0.04,0.00,0.06,0.00,0.00,0.00,0.07,0.00,0.00,0.00,0.09,0.05,0.05,0.00,0.04,0.03,0.04
0.62,0.54,0.59,0.66,0.02,0.15,0.43,0.00,0.00,0.01,0.16,0.00,0.78,0.10,0.00,0.58,0.08,0.04,0.44,0.00,0.11,0.51,1.31,0.68,0.09,0.50,0.02,0.11,0.57,0.00,0.00,0.00,0.03,0.53,0.47,0.80,1.23,0.01,0.00,0.00,0.39,0.80,0.00,0.08,0.00,1.29,0.06,0.76,0.69,0.44,0.00,0.58,0.64,0.00,0.05,0.59,0.00,0.00,0.62,0.08,0.12,0.68,1.15,0.69,0.00,0.65,0.00,0.63,0.04,0.00,0.00,0.76,0.44,0.51,1.33,0.82,0.67,0.77,0.00,0.05,0.05,1.19,-0.00,0.56,0.06,0.00,0.64,0.00,0.01,0.11,0.00,-0.00,0.00,0.04,0.01,0.07,0.00,0.03,0.03,0.60,0.72,0.04,0.37,0.00,0.58,0.00,0.88,0.64,0.12,0.00,0.00,0.49,0.57,0.68,0.23,0.00,0.02,0.00,0.05,0.00,0.56,0.73,0.01,1.22,0.08,0.54,0.16,0.49,0.68,0.12,0.75,0.03,0.66,0.63,0.09,0.00,0.00,0.08,0.00,0.00,0.53,0.00,0.03,0.03,0.08,0.02,0.00,0.00,0.63,0.00,0.15,0.00,0.11,0.00,0.01,0.03,0.00,0.63,0.12,0.00,0.53,0.65,1.32,0.03,0.01,0.00,0.04,0.63,-0.00,1.15,0.00,0.58,0.04,0.00,0.65,0.00,0.00,0.00,0.00,0.00,0.03,0.00,0.02,0.69,0.08,0.05,0.72,0.07,0.00,0.66,0.07,0.54,0.00,0.00,0.00,0.04,0.00,0.08,0.04,0.16
0.04,0.07,0.00,0.00,0.00,0.00,0.00,0.04,0.01,0.08,0.00,0.09,0.03,0.00,0.00,0.06,0.06,0.10,0.00,0.08,0.00,0.05,0.01,0.16,0.00,0.01,0.07,0.00,0.03,0.00,0.00,0.00,0.00,0.04,0.00,0.01,0.08,0.00,0.09,0.01,0.00,0.00,0.02,0.05,0.02,0.03,0.02,0.05,0.06,0.00,0.00,0.05,0.00,0.00,0.00,0.00,0.00,0.00,0.03,0.00,0.00,0.11,0.00,0.00,0.02,0.00,0.00,0.00,0.13,0.00,0.06,0.06,0.05,0.03,0.03,0.01,0.00,0.00,0.00,0.04,0.18,0.00,0.01,0.00,0.00,0.00,0.00,0.01,0.00,0.06,0.09,0.00,0.07,0.03,0.00,0.00,0.00,0.03,0.00,0.00,0.06,0.06,0.08,0.04,0.04,0.00,-0.00,0.00,0.00,0.00,0.00,0.00,0.00,0.12,0.00,0.00,0.00,0.06,0.00,-0.00,0.00,0.10,0.00,0.00,0.00,0.00,0.00,0.03,0.00,0.15,0.00,0.07,0.00,0.00,0.05,0.09,0.09,-0.00,0.00,0.00,0.00,0.01,0.00,0.09,0.00,0.04,0.20,0.04,0.04,0.13,0.00,0.00,0.00,0.00,0.00,0.00,0.14,0.11,0.06,0.00,0.14,0.00,0.00,0.00,0.00,0.03,0.06,0.11,0.00,0.00,0.01,0.00,0.00,0.01,0.00,0.04,0.04,0.00,0.00,0.17,0.00,-0.00,0.04,0.01,0.00,0.06,0.00,0.00,0.00,0.00,0.00,0.06,0.00,0.10,0.02,0.00,0.06,0.05,0.00,0.00
0.00,0.05,0.00,0.00,0.00,0.00,0.09,0.01,0.10,0.00,0.00,0.00,0.00,0.08,0.16,0.06,0.04,0.09,0.00,0.00,0.12,0.06,0.00,0.00,0.00,0.00,0.00,0.00,-0.00,0.06,0.00,0.00,0.04,0.10,0.00,0.03,0.00,0.02,0.00,0.00,0.00,0.00,0.00,0.02,0.12,0.06,0.17,0.00,0.05,0.05,0.00,0.08,-0.00,0.00,0.00,0.10,-0.00,0.00,0.09,0.00,0.01,0.00,-0.00,0.00,0.00,0.00,0.00,0.00,0.00,0.00,0.03,0.17,0.00,0.06,0.00,0.00,0.14,0.00,0.00,0.00,0.08,0.00,0.00,0.00,0.00,0.05,0.00,0.04,0.00,0.00,0.00,0.03,0.01,0.00,0.00,0.00,0.00,0.07,-0.00,0.00,0.04,0.01,0.01,0.00,0.02,0.07,0.02,0.08,0.00,0.01,0.00,0.02,0.00,0.00,0.00,0.12,0.00,0.13,0.00,0.00,0.02,0.00,0.00,0.00,0.00,0.00,0.07,0.02,0.00,0.00,0.08,0.07,0.00,0.00,0.03,0.00,0.02,0.00,0.00,0.01,0.19,0.06,0.00,0.03,0.00,0.14,-0.00,0.04,0.00,0.00,0.02,0.08,0.01,0.01,0.10,0.00,0.00,0.00,0.00,0.07,0.00,0.00,0.02,0.07,0.00,0.00,0.04,-0.00,0.00,0.02,0.10,0.04,0.00,0.12,0.00,0.00,0.02,0.00,0.00,0.00,0.04,0.03,0.08,0.00,0.01,0.07,0.05,0.00,0.00,0.00,0.00,0.00,0.05,0.04,0.00,0.00,0.07,0.05,0.00,0.00
0.15,0.06,0.00,0.12,0.09,0.08,0.00,0.03,0.00,0.00,0.00,0.00,0.01,0.06,0.01,0.02,0.00,0.00,0.00,0.04,0.03,0.10,0.09,-0.00,0.00,0.06,0.00,0.00,0.06,0.00,0.04,0.05,0.11,0.00,0.00,0.08,0.00,0.00,0.08,0.00,0.00,0.00,0.13,0.00,0.08,0.02,0.00,0.06,0.07,0.05,0.11,0.00,0.00,0.00,0.00,-0.00,0.00,0.00,0.11,0.00,-0.00,0.17,0.01,0.00,0.03,0.00,0.05,0.00,0.00,0.00,0.00,0.15,0.00,0.00,0.05,0.03,0.00,0.00,0.04,0.06,0.01,0.03,0.03,0.00,0.00,0.00,0.01,0.07,0.00,0.00,0.13,0.00,0.00,0.06,0.00,0.00,0.04,0.11,0.00,0.18,0.02,0.10,0.03,0.00,0.00,0.09,0.30,0.00,0.00,0.07,0.00,0.00,0.12,0.00,0.10,0.05,0.00,0.00,0.05,0.00,0.00,0.08,0.06,0.07,0.00,0.00,0.00,0.07,0.05,0.05,0.00,0.12,0.04,0.00,0.00,0.06,0.00,0.00,0.00,0.18,0.09,0.00,0.00,0.00,0.00,0.20,0.16,0.05,0.03,0.02,0.00,0.00,0.08,0.13,0.00,0.03,0.00,0.00,0.00,0.00,0.01,0.02,0.06,0.01,0.04,0.00,0.00,0.00,0.00,0.01,0.00,0.00,0.00,0.00,0.08,0.00,0.00,0.12,0.00,0.08,0.02,0.03,0.00,0.00,0.05,0.20,0.00,0.09,0.00,0.00,0.04,0.02,0.00,0.00,0.00,0.04,0.05,0.00,0.05,0.02
0.00,0.06,0.59,0.47,0.00,0.08,0.51,-0.00,0.00,0.04,0.00,0.00,0.00,0.00,0.07,0.50,0.00,0.00,0.55,0.05,0.02,0.60,0.72,0.50,0.00,0.61,0.00,0.00,0.69,0.00,0.16,0.00,0.08,0.05,0.52,0.09,0.52,0.01,0.03,0.00,0.54,0.03,0.00,0.00,0.08,0.66,0.15,0.01,0.00,0.53,0.00,0.56,0.00,0.00,-0.00,0.63,-0.00,0.00,0.05,0.10,0.09,0.08,0.65,0.50,0.06,0.00,0.00,0.51,0.00,0.00,0.01,0.05,0.63,0.58,0.58,0.05,0.07,0.09,0.02,0.07,0.00,0.56,0.07,0.57,0.00,0.06,0.00,0.02,0.00,0.02,0.10,0.11,0.00,0.06,0.00,0.00,0.02,0.09,0.01,0.10,0.01,0.05,0.58,0.06,0.70,0.01,0.00,0.13,0.00,0.09,0.00,0.43,0.01,0.00,0.01,0.03,0.01,0.00,0.05,0.07,0.74,0.11,0.00,0.44,0.01,0.52,0.00,0.54,-0.00,0.00,0.00,0.06,0.02,0.58,0.00,0.00,0.04,0.04,0.00,0.00,0.65,0.03,0.00,0.00,0.02,0.04,0.00,0.00,0.00,0.00,0.00,0.02,0.00,0.00,0.01,0.00,0.00,0.00,0.10,0.00,0.59,0.00,0.67,0.00,0.00,-0.00,0.00,0.45,-0.00,0.55,0.00,0.58,0.00,0.03,0.00,0.00,0.00,0.00,0.12,0.00,0.02,0.07,0.00,0.46,0.04,0.00,0.11,0.13,-0.00,0.04,0.04,0.64,0.00,-0.00,0.15,0.08,0.07,0.05,0.14,0.00
0.00,0.14,0.00,0.14,0.41,0.45,0.00,0.52,0.00,-0.00,0.00,0.00,0.01,0.56,0.09,0.02,0.06,0.05,0.47,0.00,0.03,0.00,0.07,0.07,0.03,0.00,0.44,0.00,0.68,0.00,0.07,0.51,0.00,0.00,0.00,0.67,0.04,0.50,0.00,0.00,0.00,0.03,0.56,0.49,0.00,0.65,0.03,0.00,0.46,0.05,-0.00,0.00,0.53,0.55,0.00,0.00,0.08,0.00,0.13,0.00,0.00,0.03,0.03,0.03,0.56,0.57,0.11,0.00,0.00,0.08,0.00,0.45,0.01,0.00,0.00,0.06,0.19,0.00,0.00,0.08,0.07,0.00,0.06,0.00,0.01,0.10,-0.00,0.02,-0.00,0.00,0.00,0.01,0.00,0.13,0.11,0.43,0.00,0.62,0.50,0.52,0.00,0.00,0.00,0.03,0.54,0.13,0.00,0.00,0.02,0.12,0.00,0.00,0.04,0.00,0.06,0.00,0.01,0.47,0.00,0.00,0.06,0.00,0.06,0.00,0.00,0.09,0.04,0.00,0.02,0.00,0.11,0.56,0.48,0.00,0.08,0.00,0.11,0.00,0.47,0.00,0.00,0.01,0.01,0.53,0.03,0.00,0.00,0.00,0.00,0.00,0.01,0.08,0.55,0.00,0.00,0.03,0.00,0.48,0.00,0.01,0.60,0.05,0.00,0.06,0.08,0.05,0.10,0.01,0.00,0.41,0.05,0.00,-0.00,0.04,0.38,0.04,0.01,0.00,0.00,0.01,0.00,0.00,0.00,0.13,0.07,0.00,0.07,0.06,0.00,0.06,0.07,0.00,0.00,0.00,0.16,0.00,0.00,0.00,0.00,0.00
-0.00,0.00,0.00,0.00,0.07,0.00,0.03,0.04,0.16,0.00,0.00,0.03,0.10,0.00,0.00,0.00,0.04,0.00,0.01,0.00,0.05,0.10,0.02,0.24,0.00,0.00,0.00,-0.00,0.00,0.00,0.00,0.01,0.10,0.05,0.02,0.11,0.02,0.00,0.00,0.00,0.00,0.04,0.00,0.00,0.00,0.04,0.12,0.00,0.10,0.08,0.00,0.00,0.01,0.00,0.00,0.05,0.10,0.01,0.00,0.00,0.00,0.09,0.00,0.00,0.05,0.01,0.10,0.00,0.11,0.00,0.00,-0.00,0.04,0.11,0.09,0.00,0.10,0.00,-0.00,0.04,0.04,0.14,0.00,0.00,0.00,0.00,0.08,0.00,0.00,0.00,0.00,0.11,0.00,0.02,0.00,0.07,0.02,0.07,0.00,0.00,0.00,0.04,0.02,0.00,0.00,0.01,0.01,0.00,0.11,0.00,0.06,0.13,0.00,0.00,0.00,0.06,0.00,0.00,0.07,0.00,0.00,0.00,0.00,0.02,0.00,0.07,0.00,0.04,0.13,0.00,0.02,0.10,0.00,0.10,0.00,0.00,0.04,0.01,0.00,0.00,0.00,0.00,0.00,0.00,0.00,0.00,0.01,0.11,0.00,0.03,0.04,0.09,0.00,0.02,0.02,0.00,0.11,0.00,0.00,0.05,0.08,0.01,0.08,0.00,0.00,0.00,0.15,0.13,0.00,0.06,0.04,0.00,0.00,0.08,0.03,0.09,0.07,0.00,0.05,0.00,0.11,0.11,0.00,0.00,0.00,0.00,0.03,0.01,0.00,0.03,0.00,0.01,0.00,0.09,0.00,0.09,0.00,0.00,0.01,0.00
0.00,0.00,0.00,0.00,0.57,0.44,0.12,0.48,0.00,0.00,0.07,0.05,0.08,0.54,0.00,0.07,0.00,0.12,0.52,0.00,-0.00,0.03,-0.00,0.00,0.00,0.00,0.57,0.01,0.49,0.01,0.00,0.56,0.13,0.07,0.00,0.62,0.04,0.46,0.00,0.00,0.00,0.00,0.66,0.53,0.00,0.47,0.00,0.12,0.42,0.00,0.05,0.00,0.51,0.65,0.01,0.00,0.00,0.01,0.10,0.00,0.00,0.00,0.00,0.00,0.44,0.49,0.08,0.03,0.00,0.06,0.11,0.52,0.00,0.11,0.08,0.00,0.02,0.01,0.00,0.03,-0.00,0.08,0.00,0.04,0.02,0.00,0.08,0.06,0.14,0.00,0.07,-0.00,0.13,0.00,-0.00,0.51,0.00,0.54,0.46,0.54,0.03,0.00,0.00,0.05,0.45,0.00,0.08,0.00,-0.00,0.05,0.00,0.07,0.00,0.00,0.00,0.01,0.00,0.44,0.01,0.00,-0.00,0.11,0.03,0.00,0.00,0.14,0.08,0.00,0.00,0.20,0.02,0.42,0.49,0.19,0.03,0.00,0.00,-0.00,0.68,0.00,0.03,0.00,0.02,0.53,0.00,0.05,0.08,0.10,0.07,0.00,0.00,0.02,0.41,0.00,0.00,0.03,0.13,0.47,0.00,0.02,0.56,0.03,0.00,0.00,0.00,0.07,0.09,0.09,0.00,0.52,0.18,0.00,0.07,0.06,0.59,0.00,0.00,0.00,-0.00,0.00,0.07,0.02,0.06,0.11,0.00,0.06,0.03,0.00,0.08,0.00,0.05,0.11,0.00,0.00,0.00,0.07,0.00,0.03,0.15,0.00
0.05,0.00,0.03,0.13,0.00,-0.00,0.00,0.02,-0.00,0.06,0.00,0.07,0.00,0.15,-0.00,0.00,0.02,0.01,0.00,0.03,0.00,0.06,0.13,0.08,0.05,0.03,0.00,0.04,0.20,0.02,0.00,0.00,0.07,0.00,0.00,0.00,0.08,0.00,0.00,0.00,0.00,0.10,0.00,0.00,0.00,0.07,0.00,0.06,0.00,-0.00,0.04,0.00,0.04,0.00,0.00,0.00,0.00,0.00,0.00,0.22,0.00,0.00,0.03,0.06,0.08,0.13,0.00,0.00,0.05,0.12,0.02,0.00,0.02,0.10,0.00,0.00,0.10,0.03,0.00,0.00,0.00,0.01,0.00,0.08,0.01,0.00,0.00,0.01,-0.00,0.13,0.03,0.00,0.00,0.00,0.06,0.05,0.00,0.00,0.00,0.04,0.00,0.05,0.11,0.00,0.06,0.04,0.00,0.02,0.05,0.00,0.03,0.00,0.04,0.03,0.00,0.18,0.00,0.00,0.00,0.00,0.00,0.06,0.00,0.15,0.08,0.00,0.00,0.02,0.00,0.05,0.08,0.09,0.04,0.00,0.00,0.00,0.00,0.10,0.00,0.12,0.00,0.00,0.14,0.00,0.08,0.08,-0.00,0.10,0.05,0.00,0.04,0.05,0.00,0.03,0.00,0.00,0.04,0.00,0.02,0.00,0.15,0.05,0.01,0.11,0.01,0.00,0.00,0.06,0.07,0.01,0.00,0.00,0.09,0.08,0.01,0.01,0.00,0.00,0.00,0.00,0.05,0.00,0.00,0.00,0.04,0.04,0.06,0.03,0.04,0.00,0.05,0.00,0.02,0.06,0.00,0.13,0.00,0.04,0.11,0.05
0.00,0.06,-0.00,0.00,0.13,0.00,0.00,0.01,0.00,0.00,0.05,0.00,0.14,0.00,0.07,0.00,-0.00,0.03,0.01,0.11,0.04,0.00,0.00,0.03,0.07,0.00,0.00,0.05,0.00,0.00,0.00,0.10,0.09,0.00,0.00,0.00,0.07,0.00,0.03,0.12,0.00,0.02,0.00,0.00,0.01,0.00,0.03,0.00,0.00,-0.00,0.00,0.05,0.03,0.05,0.02,0.09,0.00,0.00,0.00,0.00,0.05,0.18,0.00,0.00,0.06,0.02,0.00,0.02,0.00,0.04,0.01,0.10,0.11,0.10,0.00,0.14,0.03,0.00,0.06,0.02,0.00,0.00,0.03,0.17,0.02,0.00,0.00,0.00,0.03,0.00,0.00,0.00,0.00,0.04,0.06,0.11,-0.00,0.00,0.04,0.00,0.03,0.00,0.00,0.04,0.04,0.00,0.00,0.00,0.08,0.12,0.00,0.00,0.01,0.10,0.03,0.00,0.00,0.03,0.00,0.02,0.01,0.00,0.00,0.00,0.14,0.00,0.06,0.07,0.00,0.01,0.00,0.14,0.00,0.09,0.00,0.03,0.00,0.00,0.04,0.00,0.08,0.06,0.05,0.11,0.13,0.00,0.04,0.08,0.00,-0.00,0.08,0.02,0.00,0.00,0.00,0.04,0.00,0.00,0.00,0.00,0.03,0.00,0.01,0.01,0.01,0.00,0.01,0.00,0.00,0.00,0.05,0.09,0.00,0.03,0.00,-0.00,0.00,0.03,0.00,0.00,0.00,0.04,0.00,0.08,0.17,0.02,0.01,0.08,0.00,0.14,0.03,0.07,0.02,0.06,0.10,0.00,0.00,0.01,0.04,0.08
0.57,0.63,0.00,0.00,0.12,0.05,0.06,0.00,0.00,0.06,0.00,0.06,0.84,0.00,0.06,0.00,0.00,-0.00,0.08,0.13,-0.00,0.00,0.66,0.00,0.00,0.00,0.00,0.02,0.00,0.12,0.00,0.00,0.00,0.67,0.00,0.68,0.78,0.18,0.00,0.10,0.09,0.66,0.00,0.00,0.00,0.71,0.00,0.47,0.69,0.02,0.04,0.00,0.68,0.04,0.00,-0.00,0.12,0.01,0.71,0.00,0.00,0.80,0.66,0.00,0.00,0.71,0.00,0.00,0.11,0.13,0.05,0.57,0.00,0.00,0.82,0.53,0.70,0.72,0.00,0.00,0.00,0.67,0.07,0.03,0.13,0.07,0.76,0.00,0.00,0.00,0.06,0.01,0.00,0.04,0.08,0.00,0.10,0.02,0.08,0.76,0.86,0.14,0.00,0.12,0.00,0.00,0.78,0.77,0.00,0.09,0.00,0.07,0.64,0.62,0.08,0.00,0.00,0.00,0.19,0.00,0.00,0.66,0.00,0.75,0.04,0.00,0.00,0.13,0.64,0.04,0.57,0.00,0.89,0.10,0.01,0.01,0.02,0.01,0.07,0.00,0.00,0.00,0.02,0.00,0.00,0.03,0.07,0.00,0.68,0.00,0.02,0.06,0.07,0.00,0.08,0.00,-0.00,0.78,0.09,0.00,0.11,0.72,0.63,0.04,0.00,0.00,0.00,0.00,0.00,0.68,-0.00,0.00,0.07,0.12,0.75,0.00,0.11,0.00,0.00,0.00,0.00,0.00,0.04,-0.00,0.04,0.00,0.72,0.01,0.04,0.66,0.00,0.00,0.00,0.00,0.11,0.10,0.00,0.00,0.00,0.02
0.69,0.71,0.07,0.00,0.00,-0.00,0.07,0.00,0.00,0.00,0.05,0.00,0.75,0.00,0.00,0.09,0.00,0.00,0.16,0.05,0.00,0.00,0.75,0.00,0.00,0.06,0.06,0.00,0.18,0.00,0.05,0.00,0.00,0.56,0.01,0.80,0.71,0.03,0.00,0.03,0.00,0.73,0.00,0.02,0.00,0.72,0.09,0.69,0.75,0.10,0.06,0.00,0.59,0.02,0.00,0.02,0.03,0.00,0.79,0.00,0.00,0.63,0.63,0.00,0.17,0.68,0.15,0.00,0.16,0.01,0.14,0.72,0.13,0.19,0.74,0.58,0.61,0.85,0.00,0.10,0.02,0.67,0.00,0.00,0.00,0.00,0.60,0.01,0.03,0.00,0.02,0.10,0.02,0.00,0.00,0.00,0.00,0.00,0.10,0.76,0.66,0.00,0.11,0.00,0.00,0.00,0.71,0.71,0.14,0.00,0.00,0.00,0.78,0.70,0.00,0.00,0.07,0.07,0.09,0.00,0.00,0.68,0.10,0.76,0.02,0.23,0.00,0.00,0.59,-0.00,0.65,0.00,0.78,0.00,0.00,-0.00,0.02,0.07,0.00,0.07,0.11,0.00,0.01,0.00,0.00,0.08,0.00,0.00,0.62,0.10,0.00,0.06,0.03,0.00,-0.00,0.00,0.01,0.74,0.01,0.01,0.00,0.75,0.65,0.00,0.00,0.00,0.00,0.00,-0.00,0.76,0.00,0.02,0.05,0.06,0.66,0.07,0.00,0.11,0.00,0.01,0.00,0.05,0.00,0.00,0.02,0.09,0.80,0.16,0.00,0.73,0.00,0.07,0.00,0.00,0.00,0.00,0.12,0.02,0.08,0.01
0.07,0.06,0.00,0.00,0.53,0.47,0.05,0.48,0.05,0.00,0.00,0.00,0.03,0.42,0.11,0.16,0.06,0.04,0.55,0.00,0.02,0.05,0.00,0.09,0.14,0.07,0.42,0.00,0.42,0.00,0.00,0.35,0.00,-0.00,0.00,0.57,0.00,0.63,0.01,0.06,0.00,0.00,0.29,0.54,0.16,0.45,0.00,0.00,0.50,0.00,0.09,0.05,0.50,0.54,0.03,-0.00,0.00,0.06,0.00,0.00,0.00,0.07,0.00,0.00,0.62,0.54,0.00,0.22,0.05,0.01,0.00,0.57,0.04,0.04,0.00,0.00,0.11,0.14,0.00,0.05,0.00,0.00,0.00,0.02,0.00,0.05,0.00,0.00,0.00,0.01,0.00,0.00,0.01,0.10,0.07,0.56,0.00,0.54,0.53,0.48,0.00,0.05,0.17,0.00,0.57,0.00,0.01,0.00,0.02,0.00,0.16,0.04,0.00,0.08,0.00,0.00,0.02,0.50,0.00,0.09,0.03,0.00,0.02,0.00,0.03,0.00,0.00,0.00,0.03,0.02,0.13,0.55,0.44,0.02,0.00,0.03,-0.00,0.00,0.55,0.00,0.00,0.00,0.00,0.44,0.04,0.00,0.05,0.00,0.02,0.00,0.00,0.00,0.50,0.13,0.00,0.00,0.02,0.66,0.03,0.00,0.57,0.00,0.00,0.00,0.00,0.03,0.18,0.00,0.07,0.46,0.00,0.00,0.00,0.00,0.53,0.07,0.00,0.00,0.03,0.00,0.00,0.09,0.00,0.00,0.00,0.00,0.07,0.00,0.18,0.00,0.02,0.00,0.04,0.02,0.00,0.00,0.02,0.00,0.00,0.09
0.00,0.10,0.00,-0.00,0.10,0.00,0.00,0.00,0.10,0.00,0.10,0.00,0.00,0.05,0.00,0.00,0.06,0.09,0.00,-0.00,0.00,0.01,0.01,0.04,0.00,0.00,0.04,0.05,0.03,0.06,0.00,0.07,0.02,0.07,0.02,0.00,0.01,0.09,0.13,-0.00,0.00,0.03,0.04,0.00,0.00,0.04,0.05,0.01,0.00,0.00,0.02,0.00,0.00,0.00,0.00,0.00,0.00,0.00,0.06,0.00,0.01,0.05,0.06,0.01,0.00,0.00,0.00,0.00,0.04,0.00,0.02,0.12,0.00,0.01,0.00,0.00,-0.00,0.00,0.10,0.00,0.03,0.07,0.00,0.00,0.07,0.00,0.00,0.02,-0.00,0.03,0.12,0.02,0.00,0.00,0.12,0.03,0.07,0.00,0.02,0.00,0.00,-0.00,0.10,0.00,0.00,0.00,0.00,0.00,0.03,0.00,0.00,0.01,0.12,0.02,0.03,0.00,0.03,0.00,0.05,0.00,0.00,0.00,0.07,0.02,0.00,0.00,0.00,0.00,0.01,0.03,0.01,0.04,0.03,0.00,-0.00,0.00,0.00,0.00,0.00,0.00,0.00,0.00,0.00,0.01,-0.00,0.04,0.00,0.02,0.00,0.00,0.06,0.08,0.00,0.00,0.13,0.00,-0.00,0.08,0.07,0.06,0.00,0.01,0.00,0.00,0.00,0.00,0.01,0.00,0.00,0.11,0.00,0.08,0.20,0.09,0.00,0.00,0.02,0.08,0.00,0.19,0.00,0.00,0.02,0.04,0.03,0.09,0.00,0.00,0.09,0.00,0.06,0.00,0.02,0.09,0.00,0.00,0.10,0.00,0.03,0.00
0.00,0.00,0.54,0.58,0.62,0.56,0.63,0.43,0.02,0.00,0.01,0.00,0.13,0.51,0.00,0.45,-0.00,0.00,1.05,0.07,0.00,0.51,0.55,0.51,0.00,0.49,0.64,0.00,1.11,0.04,0.00,0.54,0.08,0.10,0.42,0.48,0.60,0.51,0.00,0.00,0.66,0.01,0.53,0.36,0.14,0.95,0.00,0.09,0.49,0.58,0.03,0.56,0.61,0.48,0.00,0.57,0.03,0.04,0.00,0.00,0.00,0.00,0.43,0.66,0.47,0.52,0.00,0.60,0.00,0.06,0.00,0.56,0.52,0.62,0.55,0.03,0.06,0.04,0.13,0.05,0.00,0.61,0.04,0.54,0.03,0.07,0.00,0.02,0.02,0.00,0.12,0.10,0.00,0.14,0.09,0.44,0.00,0.42,0.56,0.56,0.01,0.08,0.59,0.00,1.22,0.01,0.04,0.00,0.00,0.05,0.00,0.45,0.00,0.00,0.00,0.00,0.00,0.59,0.04,0.14,0.40,0.01,-0.00,0.52,0.01,0.60,0.00,0.44,0.06,0.02,0.06,0.43,0.40,0.51,0.10,0.00,0.07,-0.00,0.63,0.00,0.61,0.00,0.05,0.48,0.08,0.00,0.00,0.09,0.11,0.01,0.01,0.03,0.58,0.00,0.00,0.00,0.09,0.49,0.00,0.03,1.04,0.08,0.52,0.00,0.07,0.00,0.08,0.68,0.04,0.99,0.04,0.64,0.03,0.18,0.47,0.00,0.00,0.09,0.00,0.00,0.07,0.00,0.00,0.65,0.06,0.00,0.07,0.00,0.00,0.05,0.00,0.42,0.00,0.00,0.01,0.00,0.00,0.04,0.08,0.08
0.00,0.14,-0.00,0.00,0.09,0.09,0.10,0.01,0.01,0.00,0.10,0.00,0.00,0.02,0.00,0.07,0.00,0.03,0.00,0.00,0.07,0.00,0.00,0.00,0.00,0.03,0.00,0.21,0.00,0.15,0.00,0.00,0.00,0.00,0.00,0.11,0.02,0.00,0.03,0.00,0.01,0.00,0.00,0.00,0.04,0.02,0.04,0.00,0.00,0.03,0.00,0.00,0.00,0.00,0.07,0.04,0.10,0.00,0.11,0.00,0.00,0.04,0.04,0.00,-0.00,0.00,0.00,0.07,0.16,0.00,0.00,-0.00,0.00,0.00,0.07,0.04,0.00,0.05,0.00,0.00,0.00,0.00,0.00,0.04,0.00,0.00,0.00,0.00,0.02,0.02,0.05,0.06,0.03,0.00,0.07,0.00,0.00,0.00,0.02,0.05,0.00,0.02,0.00,0.00,0.00,0.17,0.00,0.08,0.00,0.00,0.00,0.00,0.00,0.00,0.00,0.00,0.00,0.00,0.04,0.00,0.04,0.00,0.00,0.00,0.00,0.00,0.02,0.00,0.02,0.06,0.00,0.00,0.03,0.08,0.08,0.00,0.00,0.01,0.00,0.00,0.04,0.15,0.03,0.00,0.00,0.01,0.00,0.00,0.08,0.11,0.02,0.07,0.00,0.00,0.00,0.00,0.07,0.01,0.00,0.00,0.00,0.09,0.09,0.00,0.00,0.00,0.00,0.00,0.01,0.08,0.00,0.05,0.00,0.00,0.02,0.00,0.00,0.00,0.08,0.02,0.00,0.00,0.00,0.11,0.00,0.00,0.00,0.00,0.00,0.01,0.04,0.08,0.00,0.00,0.00,0.00,0.04,0.13,0.12,0.00
0.05,0.00,0.03,0.00,0.00,0.07,0.00,0.03,0.03,0.10,0.00,0.03,0.02,0.00,0.00,0.03,0.00,0.02,0.00,0.05,0.00,0.02,0.00,0.02,0.00,0.08,0.01,0.00,0.00,0.00,0.00,0.10,0.00,0.02,0.05,0.00,0.01,0.07,0.10,0.09,0.01,0.03,0.08,0.01,0.00,0.00,0.00,0.15,0.04,0.03,0.00,0.00,0.00,0.00,0.04,0.07,0.00,0.09,0.00,-0.00,0.09,0.00,0.00,0.00,0.00,0.00,0.00,0.02,0.09,0.00,0.06,0.00,0.01,0.00,0.03,0.00,0.00,0.00,0.00,0.07,0.14,0.04,0.03,0.09,0.00,0.06,0.00,0.00,0.03,0.00,0.02,0.05,0.03,0.08,0.03,0.00,0.01,0.00,0.16,0.00,0.00,0.02,-0.00,0.00,-0.00,0.00,0.00,0.04,0.00,0.00,0.06,0.01,0.00,0.00,0.14,0.00,0.00,0.10,0.00,0.00,0.01,0.00,0.02,0.00,0.02,0.00,0.00,0.02,-0.00,0.04,0.03,-0.00,0.00,0.10,0.00,0.00,0.00,0.04,0.00,0.03,0.00,0.03,0.01,0.00,0.11,0.09,0.00,0.02,0.00,0.08,0.00,0.00,-0.00,0.00,0.19,0.03,0.01,0.05,0.04,0.00,0.00,0.01,0.00,0.01,0.01,0.01,0.08,0.00,0.09,0.13,0.01,0.02,0.02,0.00,0.02,0.04,0.14,0.02,0.00,-0.00,0.05,0.00,0.00,0.10,0.10,0.00,0.00,0.00,0.00,0.09,0.07,0.05,-0.00,0.03,0.00,0.05,0.16,0.03,0.05,0.00
0.04,0.07,0.06,0.02,0.04,0.03,0.07,0.00,0.00,0.00,0.02,0.03,0.00,0.00,0.07,0.00,0.00,0.24,0.03,0.00,0.00,0.02,0.00,0.12,0.14,0.02,0.02,0.00,0.00,0.25,0.13,0.00,0.00,0.11,0.05,0.00,0.00,0.00,0.02,0.20,0.00,0.00,0.03,0.00,0.00,0.04,0.00,0.08,0.06,0.02,0.00,0.00,0.06,0.00,0.00,0.11,0.00,0.01,0.00,0.00,0.00,0.05,0.00,0.08,0.06,0.12,0.17,0.00,0.05,0.00,0.00,0.03,0.12,-0.00,0.09,0.00,0.02,0.02,0.00,0.02,0.02,0.05,0.00,0.15,0.00,0.00,0.00,0.00,0.00,0.02,0.00,0.08,0.00,0.06,0.00,0.00,0.00,0.03,0.00,0.00,0.00,0.00,-0.00,0.11,0.17,0.02,0.08,0.01,0.00,0.00,0.08,0.06,0.00,0.01,0.00,0.03,0.09,0.10,0.01,0.00,0.00,0.15,0.05,0.00,0.00,-0.00,0.16,0.00,0.00,0.03,0.00,0.00,0.10,0.06,0.00,0.00,0.03,0.00,0.00,0.00,0.00,0.04,0.00,0.00,0.00,0.08,0.00,-0.00,0.04,0.01,0.00,0.00,0.00,0.00,0.00,0.04,0.06,0.04,0.09,0.00,0.00,0.00,0.04,0.00,0.03,0.04,0.00,0.08,0.24,0.00,0.02,0.00,0.00,0.09,0.08,0.00,0.00,0.08,0.12,0.14,0.00,0.00,0.00,0.00,0.03,0.13,0.04,0.07,0.00,0.00,0.15,0.00,0.01,0.00,0.09,0.00,0.03,0.00,0.06,0.00
0.02,0.00,0.04,0.08,0.00,0.17,0.00,0.13,0.04,0.07,0.00,0.05,0.02,0.00,0.00,0.07,0.00,0.00,0.06,0.07,0.00,0.00,0.00,0.03,0.12,0.06,0.03,0.00,0.00,0.02,0.00,0.17,0.13,0.03,0.00,0.05,0.00,0.15,0.00,0.07,0.00,-0.00,0.00,0.00,0.00,0.00,0.01,0.00,0.07,0.00,0.00,0.13,0.03,0.08,0.00,0.00,0.00,0.05,0.18,0.03,0.04,-0.00,0.00,0.00,0.00,0.09,0.00,0.01,0.15,0.00,0.00,0.05,0.02,0.00,0.01,0.00,0.00,0.00,0.12,0.11,0.02,0.00,0.00,0.00,0.06,0.00,0.15,0.11,0.00,0.11,0.02,0.00,0.00,0.01,0.09,0.01,0.00,0.00,0.11,0.12,0.01,0.10,0.02,0.13,0.00,0.00,0.00,0.00,0.00,0.00,0.08,0.14,0.09,0.00,0.00,0.04,0.00,0.06,0.00,0.00,0.00,0.03,0.02,0.00,0.11,0.07,0.00,0.04,0.01,0.00,0.00,0.07,0.01,0.00,0.00,0.06,0.13,0.10,0.00,0.11,0.05,0.00,0.00,0.03,0.07,0.04,0.00,0.16,0.00,0.00,0.00,0.00,0.02,0.00,0.15,0.03,0.00,0.06,0.00,0.02,0.00,0.00,0.00,0.05,0.01,0.07,0.14,0.00,0.00,0.00,0.04,0.00,0.00,0.08,0.00,0.08,0.00,0.00,0.00,0.00,0.00,0.00,0.09,0.01,0.01,0.06,0.06,0.01,0.00,0.00,0.10,0.10,0.14,0.00,0.04,0.08,0.00,0.06,0.10,0.01
0.00,0.01,0.00,0.00,0.02,0.04,0.00,0.11,0.00,0.00,0.04,0.08,0.00,0.03,0.00,0.02,0.01,0.00,0.01,0.00,0.05,0.07,0.04,0.07,0.00,0.05,0.06,0.04,0.00,0.06,0.01,0.02,-0.00,0.00,-0.00,0.01,0.13,0.01,0.01,0.01,0.12,0.01,0.00,0.03,0.00,0.00,0.00,0.14,0.01,0.00,0.05,-0.00,0.01,0.07,0.05,0.09,0.00,0.00,0.00,0.00,0.00,0.05,0.10,0.02,0.01,0.00,0.00,0.00,0.03,0.00,0.14,0.00,0.00,0.00,0.00,0.00,0.03,0.00,0.00,0.06,0.00,0.00,0.07,0.00,0.00,0.00,0.00,0.16,0.00,0.03,0.05,0.00,0.06,0.06,0.00,0.08,0.00,0.16,0.00,0.13,0.14,0.07,0.00,0.03,0.01,-0.00,0.14,0.02,0.00,0.00,0.05,0.00,0.04,0.04,0.00,0.00,0.00,0.00,0.00,0.00,0.07,0.00,0.05,0.00,0.06,0.00,0.00,0.02,0.09,0.12,0.07,0.03,0.09,0.02,0.11,0.08,0.00,0.02,0.04,0.11,0.00,0.00,0.08,-0.00,0.01,0.00,0.00,0.00,0.00,0.00,0.03,0.15,0.00,0.00,0.00,0.00,0.00,0.00,0.00,0.02,0.00,0.01,0.01,0.03,0.00,0.00,0.00,0.00,0.08,0.13,0.00,0.03,0.04,0.03,0.00,0.04,0.00,-0.00,0.02,0.00,0.00,0.00,0.05,0.08,0.09,0.00,0.00,0.04,0.00,0.06,0.04,0.06,0.01,0.00,0.00,0.04,0.15,0.04,0.00,0.04
0.02,0.10,0.00,0.03,0.02,0.07,0.06,0.00,0.06,0.00,0.00,0.05,0.00,0.00,0.00,0.00,0.00,0.00,0.00,0.00,0.00,0.00,0.00,0.00,0.00,0.00,0.05,0.00,0.09,0.04,0.00,0.00,0.00,0.04,0.00,0.00,-0.00,0.18,0.05,0.03,0.00,0.00,0.01,0.08,0.00,0.00,0.11,0.13,0.00,0.00,0.02,0.00,0.00,0.00,0.16,0.00,0.14,0.01,0.03,0.00,0.12,0.06,0.06,0.00,0.03,0.00,0.00,0.00,0.01,0.00,0.08,0.00,0.00,0.00,0.00,0.09,0.01,0.03,0.00,0.00,0.00,0.08,0.00,0.03,0.00,0.04,0.00,0.09,0.00,0.05,0.02,0.09,0.00,0.00,0.15,0.03,0.00,0.00,0.00,0.09,0.06,0.04,0.02,0.00,0.04,0.00,0.00,0.10,0.00,0.13,0.03,0.03,0.00,0.01,0.00,0.08,0.01,0.00,0.02,0.00,0.01,0.00,-0.00,0.00,0.06,0.05,0.06,0.00,0.00,0.10,0.01,0.00,0.00,0.00,0.08,0.10,0.01,0.00,0.00,0.00,0.14,0.19,0.05,0.00,0.05,0.25,0.07,0.00,0.00,0.00,0.00,0.00,0.02,0.00,-0.00,0.09,0.04,0.00,0.06,0.05,0.00,0.04,0.08,0.01,0.00,0.00,0.02,0.00,0.00,0.11,0.14,0.05,0.09,0.12,0.00,0.05,0.00,0.00,0.04,0.00,0.09,0.09,0.00,0.00,0.04,0.00,0.00,0.00,0.06,0.08,0.13,0.05,0.00,0.00,0.01,0.00,0.08,-0.00,0.00,0.00
0.00,0.00,0.01,0.08,0.03,0.07,0.00,0.00,0.00,0.04,0.06,0.00,0.00,0.06,0.01,0.00,0.03,0.00,0.11,0.00,0.00,0.03,0.02,0.00,0.13,0.08,0.01,0.00,0.02,0.03,0.00,0.00,0.00,0.00,0.00,0.00,0.00,0.02,0.02,0.00,0.01,0.02,0.08,0.00,-0.00,0.24,0.10,0.00,0.00,0.00,0.12,0.00,0.04,0.04,0.05,0.04,0.00,0.00,0.00,0.06,0.12,0.00,0.04,0.00,0.00,-0.00,0.00,0.07,0.13,0.00,0.00,0.00,0.01,0.11,0.01,0.00,0.00,0.00,0.02,0.03,0.07,0.00,0.07,0.09,0.00,0.13,0.00,0.00,0.00,0.09,0.00,0.17,0.01,0.00,0.00,0.21,0.12,0.00,0.00,0.09,0.10,0.02,0.02,0.03,0.10,0.00,0.00,0.00,0.06,0.11,0.00,0.00,0.02,0.00,0.07,0.00,0.00,0.00,0.00,0.00,0.00,0.12,0.00,0.03,0.02,0.00,0.00,0.04,0.04,0.03,0.04,0.00,0.06,0.00,0.00,0.04,0.02,0.09,0.08,0.10,0.02,0.02,0.00,0.00,0.00,0.00,0.00,0.00,0.05,0.00,0.06,0.00,0.12,0.00,0.00,0.17,0.00,0.01,0.00,0.05,0.00,0.01,-0.00,0.00,0.00,0.04,0.03,0.00,0.00,0.11,0.00,0.00,0.07,0.04,0.15,0.06,-0.00,0.00,0.13,0.03,0.00,0.03,0.00,0.00,0.00,0.11,0.09,0.05,0.08,0.00,0.06,0.00,-0.00,0.00,0.04,0.08,0.05,0.00,0.04,0.03
0.00,0.00,0.63,0.65,0.50,0.49,0.47,0.59,0.00,0.10,0.00,0.00,0.00,0.58,0.06,0.45,0.05,0.08,1.06,0.15,0.00,0.63,0.57,0.46,0.00,0.61,0.54,-0.00,0.99,0.00,0.04,0.42,0.05,0.14,0.62,0.49,0.65,0.51,0.10,0.00,0.54,0.05,0.56,0.50,0.00,1.13,0.00,0.00,0.65,0.46,0.00,0.59,0.58,0.46,0.00,0.56,0.10,0.00,-0.00,0.08,0.01,0.13,0.26,0.66,0.45,0.52,0.00,0.52,0.00,0.06,0.13,0.43,0.57,0.53,0.55,0.00,0.05,0.02,0.00,0.08,0.03,0.63,0.12,0.63,0.03,0.06,0.00,0.01,0.04,0.04,0.07,0.03,0.00,0.00,0.00,0.62,0.00,0.41,0.52,0.48,0.01,0.00,0.48,0.00,1.18,0.00,0.12,0.00,0.11,0.00,0.12,0.56,-0.00,0.00,0.00,0.00,0.02,0.46,0.00,0.00,0.71,0.00,0.00,0.58,0.06,0.49,0.08,0.64,0.01,0.00,0.07,0.52,0.59,0.62,0.00,0.10,0.07,0.02,0.53,0.02,0.50,0.00,0.00,0.45,0.00,0.06,0.04,0.10,0.01,0.03,0.09,0.02,0.61,0.04,0.00,0.00,0.11,0.51,0.00,0.00,1.08,-0.00,0.64,0.05,0.14,0.00,0.02,0.48,0.00,1.10,0.00,0.57,0.05,0.00,0.67,0.02,0.00,0.00,0.02,0.00,0.01,0.05,0.00,0.53,0.11,0.06,0.00,0.00,0.00,0.00,0.02,0.59,0.02,0.00,0.08,0.00,0.00,0.02,0.00,0.00
0.00,-0.00,0.00,0.00,0.00,0.00,0.11,0.00,0.00,0.05,0.05,0.00,0.04,0.01,0.01,0.06,0.00,0.00,0.00,0.00,0.06,0.10,0.02,0.00,0.00,0.00,0.04,0.00,0.01,0.00,0.09,0.00,0.00,0.00,0.04,0.03,0.11,0.00,0.04,0.02,0.02,0.00,0.00,0.00,0.00,0.07,0.00,0.14,0.00,0.00,0.00,0.00,0.03,0.15,0.00,0.01,0.00,0.00,0.01,0.00,0.09,0.00,-0.00,0.05,0.00,0.01,0.00,0.00,0.00,0.04,0.00,0.03,0.08,0.00,0.00,0.00,0.00,0.00,0.05,0.00,0.08,0.03,0.00,0.07,0.00,0.00,0.00,0.05,0.00,0.00,0.00,0.05,0.00,0.00,0.01,0.02,0.10,0.00,0.00,-0.00,0.00,0.00,0.00,0.01,0.07,0.19,0.00,0.00,0.00,0.00,0.04,0.04,0.00,0.00,0.04,-0.00,0.05,0.01,0.15,0.00,0.03,0.08,0.02,0.00,0.00,0.03,0.00,0.00,0.03,0.00,0.00,0.03,0.15,0.00,0.04,0.12,0.03,0.06,0.00,0.00,0.07,0.12,0.00,0.00,0.05,0.04,0.00,0.02,0.09,0.01,0.00,0.11,0.00,0.14,0.00,0.00,0.00,0.00,0.13,0.08,0.00,0.00,0.05,0.12,0.11,0.00,0.10,0.13,0.00,0.04,0.00,0.00,0.17,0.00,0.00,0.00,0.03,0.00,0.00,0.08,0.04,-0.00,0.00,0.15,0.00,0.07,-0.00,0.05,-0.00,0.00,0.00,-0.00,0.05,0.02,0.05,0.00,0.01,0.01,0.09,0.16
0.00,-0.00,0.01,0.00,0.33,0.44,0.14,0.51,0.06,0.00,0.00,0.00,0.00,0.60,0.00,0.00,0.00,0.00,0.60,0.00,0.02,0.14,0.01,0.00,0.01,0.02,0.38,0.00,0.57,0.09,0.05,0.53,0.00,0.00,0.12,0.45,0.03,0.42,0.04,0.00,0.02,0.04,0.48,0.60,0.12,0.61,0.02,0.03,0.47,0.00,0.16,0.01,0.45,0.67,0.14,0.13,0.00,0.04,0.10,0.00,0.00,0.00,0.00,0.09,0.61,0.56,0.02,0.09,0.00,0.00,0.01,0.59,0.00,0.04,0.08,0.00,0.01,-0.00,0.00,0.08,0.14,0.00,0.00,0.11,0.14,0.00,0.00,0.00,0.00,0.12,0.03,0.00,0.00,0.11,0.00,0.54,0.00,0.50,0.69,0.55,0.00,0.14,0.01,0.00,0.42,0.16,0.02,0.00,0.00,0.00,0.00,0.08,0.02,0.07,0.08,0.07,0.00,0.60,0.04,0.00,0.06,0.10,0.05,0.00,0.00,0.03,0.06,0.00,0.00,0.00,0.11,0.44,0.54,0.10,0.00,0.01,0.01,0.03,0.62,0.02,0.00,0.00,0.01,0.59,0.05,0.02,0.00,0.00,0.00,0.01,0.04,0.05,0.52,0.01,0.10,0.00,0.00,0.54,0.00,0.00,0.61,0.02,0.00,0.00,0.10,0.06,0.00,0.04,0.03,0.42,0.03,0.00,0.01,0.09,0.50,0.01,0.02,0.07,0.16,0.01,0.02,0.10,0.00,0.00,0.00,0.00,0.00,0.00,0.00,0.00,0.02,0.08,0.07,0.00,0.01,0.08,0.00,0.00,0.06,0.00
0.00,0.01,0.00,0.08,0.02,0.00,0.00,0.00,0.00,0.05,0.00,0.06,0.02,0.00,0.00,0.08,0.08,0.12,0.00,0.00,0.07,0.00,0.07,0.00,0.00,0.00,0.05,0.12,0.01,0.03,0.00,0.09,0.16,0.02,0.00,0.00,0.08,0.00,0.08,0.00,0.08,0.00,0.00,0.00,0.00,0.05,0.05,0.06,0.00,0.08,0.07,0.04,0.00,0.10,0.00,0.00,0.10,0.00,0.00,0.07,0.00,0.00,0.00,0.00,0.00,0.07,0.01,0.04,0.00,0.03,0.02,0.00,0.05,0.00,0.00,-0.00,0.00,0.00,0.00,0.07,0.05,0.02,0.00,0.00,0.00,0.00,0.00,0.00,0.00,0.01,0.00,0.00,0.00,0.15,-0.00,0.01,0.00,0.03,0.00,0.00,0.08,0.00,0.00,0.00,0.00,0.00,0.05,0.00,0.06,0.03,0.01,0.00,0.00,0.00,0.00,0.00,0.00,-0.00,0.00,0.00,0.11,0.06,0.04,0.00,0.19,0.07,0.05,0.00,0.06,0.03,0.00,0.16,0.00,0.00,0.01,-0.00,0.00,0.04,0.00,0.00,0.00,0.00,0.07,-0.00,0.00,0.08,0.11,0.00,0.05,0.02,0.13,0.00,0.00,0.00,0.00,0.00,0.07,0.00,0.00,0.00,0.19,0.00,0.00,0.08,0.00,0.00,0.16,0.08,0.09,-0.00,0.00,0.02,0.00,0.03,0.01,0.00,0.00,0.02,0.02,0.02,0.00,0.07,0.00,0.04,0.00,0.00,0.00,0.09,0.08,0.04,0.06,0.00,0.07,0.00,0.07,0.05,0.12,0.00,0.00,0.02
0.00,0.07,0.16,0.06,0.03,0.01,0.00,0.05,0.00,0.11,0.00,0.02,0.06,0.00,0.00,0.08,0.00,0.04,0.00,0.00,0.03,0.00,0.01,0.00,0.01,0.00,0.02,0.00,0.00,0.06,0.00,0.15,0.10,0.09,0.03,0.00,0.14,0.00,0.03,0.03,0.00,0.03,0.03,0.01,0.00,0.16,0.11,0.00,0.04,0.03,0.00,0.04,0.00,0.00,0.02,0.00,0.00,0.00,0.14,0.18,0.16,0.00,0.00,0.09,0.00,0.00,0.00,0.11,0.00,0.00,0.00,0.01,0.00,0.01,0.00,0.00,0.00,0.00,0.00,0.03,0.03,0.00,0.04,0.00,0.05,0.08,0.00,0.00,0.00,0.01,-0.00,0.00,0.00,0.13,0.00,0.00,0.03,0.07,0.09,0.02,0.00,0.00,0.00,0.08,0.02,0.03,0.00,0.00,0.04,0.00,0.01,0.00,0.00,0.04,0.06,0.13,0.00,0.01,0.00,0.00,0.00,0.08,0.00,0.04,0.00,0.04,0.00,0.00,0.04,0.00,0.06,0.00,0.00,0.06,0.09,0.02,0.00,0.05,0.08,0.00,0.07,-0.00,0.00,0.00,0.00,0.15,0.00,0.00,0.01,0.00,0.00,0.00,0.00,0.11,0.08,0.03,0.00,0.00,0.02,0.04,0.00,0.00,0.00,0.00,0.00,0.00,0.03,0.10,0.00,0.06,0.00,0.00,0.00,0.09,0.00,0.00,0.02,0.00,0.06,0.00,0.09,0.00,0.00,0.00,0.06,0.00,0.00,0.00,0.00,0.00,0.00,0.07,0.04,0.00,0.00,0.00,0.03,0.00,0.13,0.07
0.08,0.01,0.00,0.01,0.00,0.11,0.06,0.08,0.01,0.00,0.09,0.00,0.05,0.13,0.00,0.00,0.01,0.01,0.00,0.13,0.00,0.00,0.05,0.00,0.01,0.00,0.04,0.00,0.10,0.10,0.01,0.01,0.00,0.00,0.00,0.00,0.00,0.00,0.00,0.00,0.02,0.03,-0.00,0.14,0.00,-0.00,0.00,0.07,-0.00,0.00,0.04,0.00,0.00,0.13,0.00,0.00,0.00,0.00,0.00,0.00,0.00,0.00,0.00,0.00,0.00,0.00,0.01,0.00,0.00,0.07,0.04,0.05,0.05,0.12,0.15,0.00,0.05,0.00,0.06,0.13,0.00,0.07,0.00,0.00,0.05,0.08,0.00,0.00,0.00,0.04,0.00,0.10,0.22,0.11,0.00,0.00,0.04,0.07,0.03,0.02,0.03,0.09,0.00,0.03,0.07,0.05,0.01,0.00,0.05,0.00,0.02,0.02,0.00,0.05,0.14,0.00,0.00,0.02,0.00,0.00,0.00,0.00,0.06,0.01,0.02,0.01,0.07,0.00,0.04,0.00,0.00,0.00,0.07,-0.00,0.07,0.01,0.00,0.05,0.00,0.05,0.00,0.00,0.00,0.00,0.06,0.00,-0.00,0.19,0.00,0.00,0.07,0.11,0.00,0.08,0.04,0.00,0.00,0.04,0.00,0.00,0.00,-0.00,-0.00,0.00,0.01,0.15,0.00,0.00,0.02,0.04,0.00,0.00,0.08,0.03,0.01,0.01,0.06,0.00,0.00,0.08,0.06,0.01,0.00,0.01,0.00,0.04,0.18,0.00,0.00,0.00,0.01,0.07,0.00,0.20,0.00,0.03,0.04,0.09,0.04,0.00
0.00,-0.00,0.68,0.63,0.07,0.00,0.60,0.13,0.00,0.00,0.00,0.00,0.04,0.08,0.00,0.64,0.00,0.05,0.49,0.05,0.00,0.57,0.70,0.73,0.04,0.63,0.00,0.00,0.58,0.00,0.07,-0.00,0.09,-0.00,0.73,0.02,0.56,0.02,0.00,0.00,0.37,0.00,0.10,0.00,0.00,0.63,0.02,0.00,0.00,0.61,0.00,0.51,0.00,0.14,0.07,0.66,-0.00,0.00,0.00,0.00,0.00,0.00,0.52,0.41,0.00,0.00,0.00,0.55,0.08,0.11,0.00,0.00,0.40,0.47,0.56,0.03,0.00,0.08,0.00,0.00,0.00,0.66,0.01,0.60,0.00,0.07,0.01,0.07,0.00,0.00,0.00,0.00,0.00,0.00,0.04,0.03,0.00,0.07,0.00,0.00,0.00,0.00,0.60,0.01,0.50,0.00,0.00,0.00,0.06,0.10,0.06,0.58,0.00,-0.00,0.00,0.00,0.00,0.00,0.09,0.05,0.56,0.00,0.01,0.44,0.00,0.43,0.00,0.55,0.14,0.00,0.05,0.00,0.00,0.69,0.05,0.00,0.06,0.00,0.12,0.00,0.67,0.00,0.11,0.00,0.00,0.00,0.00,0.01,0.00,0.07,0.00,0.00,0.17,0.00,0.00,0.01,0.00,0.02,0.00,0.03,0.51,0.00,0.68,0.00,0.15,0.00,0.06,0.43,0.02,0.65,0.02,0.59,0.00,0.00,0.00,0.00,0.00,0.04,0.00,0.04,0.02,0.09,0.02,0.70,0.02,0.06,0.00,0.00,0.07,0.00,0.01,0.70,0.00,0.03,0.02,0.00,0.00,0.04,0.00,0.00
0.00,-0.00,0.58,0.45,0.49,0.45,0.81,0.45,0.00,0.00,0.12,0.09,0.00,0.42,0.01,0.66,0.00,0.16,1.13,0.06,0.00,0.61,0.63,0.55,0.00,0.48,0.59,0.00,1.01,0.07,0.04,0.59,0.00,0.10,0.58,0.48,0.68,0.46,0.00,0.00,0.59,0.03,0.47,0.61,0.01,1.00,0.04,0.10,0.40,0.59,0.00,0.55,0.58,0.44,0.00,0.56,0.11,0.08,0.00,0.00,0.02,0.06,0.55,0.62,0.52,0.46,0.07,0.73,0.00,0.05,0.08,0.55,0.56,0.49,0.43,0.03,0.08,0.00,0.00,0.00,0.00,0.58,0.00,0.61,0.04,0.00,0.02,0.06,0.03,0.09,0.04,0.00,0.00,0.01,0.00,0.47,0.00,0.55,0.58,0.35,0.00,0.00,0.51,0.06,1.12,0.15,0.00,0.03,0.00,0.00,0.06,0.60,0.00,0.00,0.01,0.01,0.00,0.49,0.02,0.03,0.62,0.06,0.00,0.60,0.00,0.47,-0.00,0.65,0.04,0.09,0.00,0.45,0.61,0.51,0.00,0.25,0.06,0.00,0.47,0.06,0.64,0.00,0.00,0.33,0.06,0.04,0.00,0.00,0.07,0.00,0.00,0.00,0.51,0.09,0.23,0.00,0.00,0.58,0.06,0.00,1.07,0.03,0.57,0.08,0.00,0.04,0.02,0.55,0.00,1.12,0.11,0.50,0.10,0.00,0.45,0.08,0.06,0.00,0.00,0.00,0.00,0.00,0.05,0.53,0.00,0.00,0.16,0.00,0.00,0.00,0.09,0.62,0.07,0.07,0.03,0.00,0.00,0.00,0.00,0.10
0.11,0.00,0.00,0.06,0.07,0.04,0.06,0.00,0.02,0.00,0.15,0.04,0.00,0.00,0.00,0.00,0.05,0.00,0.18,0.00,0.14,0.01,0.00,0.00,0.00,0.09,0.00,0.07,0.00,0.00,0.02,0.09,0.05,0.00,0.00,0.09,0.00,0.00,0.06,0.00,0.07,0.00,0.00,0.00,0.06,0.00,0.00,0.03,0.07,0.05,0.00,0.01,0.00,0.07,0.00,0.00,0.00,0.00,0.00,0.01,0.06,0.00,0.00,0.04,0.00,0.15,0.06,0.17,0.09,0.00,0.00,0.00,0.05,0.08,0.02,0.00,0.00,-0.00,0.00,0.01,0.00,0.02,0.00,0.00,0.01,0.12,0.00,0.00,0.06,0.03,0.04,0.00,-0.00,0.00,0.00,0.06,0.01,0.11,0.00,0.02,0.16,0.00,0.03,0.06,0.00,0.11,0.05,0.10,0.00,0.14,0.01,0.17,0.03,0.03,0.00,0.00,0.07,0.10,0.00,0.00,0.00,0.00,0.00,0.02,0.00,0.11,0.09,0.00,0.05,0.00,0.06,0.15,0.03,-0.00,0.13,0.00,0.00,0.00,0.00,0.00,0.00,0.06,0.05,0.03,0.03,0.00,0.00,0.00,0.00,0.01,0.08,0.09,0.00,0.06,0.00,0.00,-0.00,0.00,0.00,0.00,0.00,0.08,-0.00,-0.00,0.00,0.13,0.00,0.00,0.09,0.06,0.00,0.11,0.01,0.00,0.10,0.00,0.00,0.03,0.09,0.02,0.00,0.00,0.04,0.00,0.00,0.04,0.10,0.16,0.00,0.04,0.06,-0.00,0.00,0.00,0.03,0.00,0.00,0.00,0.07,0.00
0.00,0.02,0.03,0.04,0.15,0.12,0.10,0.04,-0.00,0.00,0.08,0.00,0.01,0.00,0.01,0.00,0.00,0.00,0.08,0.02,0.00,0.03,0.01,0.05,0.03,0.00,0.00,0.00,0.13,0.00,0.00,0.00,-0.00,0.00,0.02,0.00,0.00,0.04,0.00,0.03,0.00,0.07,0.00,0.07,0.00,0.11,0.00,0.00,0.00,0.04,0.00,0.00,0.00,0.00,0.04,0.10,0.04,0.07,0.00,0.00,0.08,0.00,0.02,0.00,0.09,0.00,0.00,0.00,0.00,0.00,0.03,0.10,0.00,0.10,0.18,-0.00,0.06,0.00,0.05,0.00,0.03,0.00,0.05,0.00,0.00,0.17,0.02,0.12,0.00,0.00,0.00,0.00,0.00,0.02,0.06,0.07,0.00,0.01,0.00,0.02,0.00,0.00,0.00,0.13,0.06,0.00,0.00,0.00,0.01,0.04,0.00,0.01,0.04,0.03,0.04,0.00,0.01,0.03,0.00,0.00,0.00,0.00,0.06,0.07,0.03,0.04,0.08,-0.00,0.01,0.01,0.05,0.01,0.00,0.00,0.02,0.05,0.01,0.00,0.00,0.12,0.00,0.00,0.02,0.00,0.00,0.17,0.06,0.00,0.04,0.00,0.00,0.00,0.00,0.00,0.00,0.00,0.01,0.00,0.00,0.06,0.00,0.00,0.00,0.01,0.00,0.16,0.00,0.00,0.02,0.02,0.11,0.09,0.05,0.00,0.00,0.11,0.09,0.02,0.00,0.00,0.07,0.07,0.01,0.00,0.06,0.04,0.00,0.00,0.06,0.09,0.02,0.02,0.00,0.00,0.00,0.11,0.02,0.00,0.08,0.00
0.00,0.05,0.54,0.66,0.00,0.00,0.48,0.00,0.02,0.00,0.09,0.00,0.00,0.00,0.09,0.64,0.02,0.00,0.49,0.09,-0.00,0.64,0.47,0.50,0.00,0.65,0.01,0.00,0.50,0.00,0.00,0.01,0.00,0.00,0.63,0.00,0.56,0.00,0.00,0.00,0.61,0.00,0.01,0.12,0.00,0.48,0.03,0.00,0.00,0.58,0.00,0.51,0.03,0.00,0.03,0.53,0.02,0.00,0.04,0.02,0.01,0.00,0.54,0.54,0.00,0.02,0.15,0.58,0.00,-0.00,0.00,0.03,0.70,0.60,0.63,0.00,0.00,0.01,0.00,0.00,0.00,0.56,0.03,0.53,0.00,0.08,0.12,0.01,0.06,0.00,0.02,0.00,0.01,-0.00,0.03,0.00,0.00,0.00,0.13,0.00,0.04,0.05,0.57,0.00,0.47,0.00,0.04,0.06,0.07,0.00,0.00,0.54,0.01,0.00,0.00,0.07,0.00,0.00,0.15,0.06,0.65,0.07,0.15,0.44,0.01,0.59,0.00,0.59,0.00,0.11,0.08,0.01,0.04,0.49,0.01,0.00,0.00,0.13,0.00,0.02,0.53,0.00,0.00,0.02,0.04,0.00,0.03,0.12,0.02,0.03,0.00,0.00,0.08,0.00,0.00,0.00,0.00,0.06,0.00,0.08,0.64,0.05,0.63,0.15,0.00,0.09,0.03,0.59,0.02,0.44,0.03,0.65,0.02,0.05,0.11,0.01,0.00,0.00,0.07,0.09,0.00,0.03,0.11,0.60,0.00,0.00,0.06,0.00,0.07,0.07,0.00,0.57,0.05,0.11,0.00,0.00,0.05,0.00,0.00,0.05
0.07,0.00,0.03,0.00,0.00,0.02,0.09,0.02,0.00,0.02,0.06,0.01,0.00,0.02,0.11,0.10,0.00,0.00,0.06,0.01,0.00,0.00,0.04,0.04,0.04,0.04,0.00,0.00,0.00,0.06,-0.00,0.00,0.00,0.10,0.03,0.03,0.00,0.00,0.07,0.16,0.00,0.03,0.00,0.00,0.03,0.00,0.00,0.09,0.00,0.00,0.00,0.01,0.00,0.00,0.00,0.09,0.04,0.08,0.01,0.03,0.03,0.03,0.00,0.00,0.01,0.00,0.00,-0.00,0.00,0.05,0.07,0.03,0.06,0.07,0.00,0.04,0.13,0.00,0.04,0.00,0.02,-0.00,0.01,0.01,0.00,0.06,0.05,0.00,0.00,0.00,0.00,0.00,0.07,0.09,0.00,0.09,0.03,0.00,0.00,-0.00,0.03,0.05,0.11,0.00,0.04,0.00,0.03,0.00,0.11,0.01,0.08,0.00,0.00,0.00,0.05,0.00,0.00,0.00,0.04,0.05,0.00,0.00,0.00,0.00,0.00,0.01,0.00,0.01,0.00,0.00,0.15,0.00,0.00,0.01,0.00,0.14,0.00,0.00,0.10,0.00,0.00,0.00,-0.00,0.12,0.00,0.06,0.00,0.07,0.10,0.12,0.02,0.07,0.00,0.12,0.00,0.07,0.00,0.06,0.00,0.00,0.07,0.00,0.06,0.00,0.00,0.00,0.00,0.07,0.00,0.00,0.00,0.04,0.00,0.03,0.00,0.18,0.00,0.10,0.00,0.00,0.00,0.01,0.07,0.18,0.09,0.02,0.04,0.07,0.04,0.00,0.02,0.03,0.00,0.00,0.00,0.00,0.02,0.07,0.00,0.10
0.08,0.00,0.00,0.03,0.00,0.02,0.00,0.00,0.06,0.00,0.09,0.00,0.11,0.00,0.05,0.10,0.00,0.00,0.15,0.16,0.00,0.09,0.04,0.00,0.08,0.09,0.07,-0.00,0.00,0.00,0.00,0.00,0.00,0.00,0.13,0.02,0.05,0.05,0.00,0.15,0.00,0.00,0.02,0.00,0.00,0.00,0.00,0.00,0.00,0.00,0.04,0.00,0.00,0.00,0.00,0.05,0.00,0.00,0.00,0.03,0.00,0.06,0.00,0.00,0.00,0.05,0.10,0.00,0.01,0.01,0.00,0.00,0.00,0.00,0.00,0.00,0.01,0.00,0.00,0.00,0.03,0.00,0.01,0.00,0.06,0.01,0.00,0.00,0.00,0.04,0.01,0.02,0.00,0.00,0.05,0.05,0.00,0.00,0.05,0.00,0.05,0.12,0.00,0.15,0.00,0.00,0.00,0.03,0.08,0.05,0.03,0.15,0.00,0.03,0.02,0.00,0.00,0.00,0.13,0.15,0.11,0.00,0.00,0.00,0.00,0.00,0.07,0.03,0.00,0.03,0.02,0.03,0.04,0.14,0.00,0.00,0.00,0.09,0.00,0.03,0.00,0.02,0.00,0.00,0.01,0.00,0.06,0.00,0.04,0.00,0.00,0.09,0.04,0.00,0.11,0.04,0.09,0.00,0.00,0.06,0.10,0.00,0.00,0.13,0.01,0.00,0.00,0.02,0.04,0.00,0.00,-0.00,0.00,0.06,0.03,-0.00,0.00,0.00,0.00,0.01,0.00,0.00,-0.00,0.00,0.02,0.00,0.00,0.15,0.00,0.00,0.00,0.00,0.00,0.00,0.00,0.01,0.00,0.01,0.05,0.05
0.12,0.00,0.35,0.45,0.05,0.02,0.60,0.00,0.00,0.05,0.07,0.00,0.10,0.04,0.09,0.58,0.02,0.14,0.57,0.05,0.00,0.63,0.55,0.55,0.07,0.58,0.04,0.00,0.61,0.00,0.00,0.01,0.02,0.04,0.56,0.00,0.59,0.02,0.00,0.00,0.53,0.11,0.00,0.00,0.00,0.54,0.00,0.06,0.01,0.45,0.00,0.55,0.03,0.00,0.06,0.50,0.01,0.00,0.00,0.09,0.00,0.10,0.61,0.58,0.00,0.00,0.10,0.56,0.04,0.06,0.00,0.00,0.50,0.70,0.54,0.06,0.09,0.00,0.00,0.00,0.14,0.69,0.03,0.59,0.00,0.00,0.14,0.00,0.04,0.07,0.09,0.01,0.00,0.01,0.00,0.06,0.02,0.04,0.07,0.00,0.22,0.00,0.55,0.05,0.57,0.09,0.07,0.02,0.00,0.00,-0.00,0.57,0.00,0.00,0.00,0.00,0.02,0.03,0.00,-0.00,0.66,0.00,0.00,0.47,0.07,0.49,0.03,0.60,0.00,0.00,-0.00,0.00,0.02,0.60,0.05,0.16,-0.00,0.15,0.00,0.00,0.50,0.00,0.00,0.00,0.02,0.09,0.18,0.11,0.01,0.02,0.00,0.00,0.00,0.03,0.00,0.01,0.00,0.00,0.22,0.00,0.55,0.10,0.64,0.00,0.00,0.09,0.00,0.61,0.00,0.42,0.00,0.51,0.06,0.02,0.05,0.04,0.00,0.01,0.00,0.00,0.00,0.03,0.00,0.49,0.02,0.00,0.00,0.00,0.00,0.00,0.00,0.51,0.06,0.00,0.03,0.04,0.00,0.00,0.00,0.04
0.03,0.00,0.00,0.02,0.00,0.00,0.00,0.10,0.00,0.05,0.00,0.06,0.00,0.09,0.00,0.00,0.00,0.00,0.05,0.00,0.20,0.00,0.00,0.00,0.07,0.04,0.13,0.02,0.08,0.00,0.00,0.00,0.00,0.04,0.00,0.03,0.06,0.00,0.00,0.00,0.00,0.00,0.00,0.16,0.07,0.00,0.02,0.01,0.00,0.00,0.00,-0.00,0.00,0.14,0.03,-0.00,0.16,0.03,0.00,0.00,0.02,0.00,0.03,0.10,0.00,0.00,0.00,0.00,0.00,0.00,0.08,0.00,0.00,0.00,0.02,0.00,0.00,0.03,0.00,0.01,0.00,0.02,0.03,0.04,0.00,0.00,0.00,0.01,-0.00,0.00,0.00,0.00,0.00,0.05,0.07,0.10,0.00,0.13,0.00,0.00,0.10,0.00,0.11,0.04,-0.00,0.00,0.00,0.03,0.09,0.00,0.03,0.00,0.00,0.00,0.00,0.00,0.12,0.00,0.12,-0.00,0.00,0.02,0.10,0.02,0.14,0.12,0.00,0.00,0.13,0.08,0.11,0.00,0.03,0.02,0.00,0.00,0.00,0.09,0.01,0.00,0.03,0.00,0.10,0.00,0.00,0.15,0.01,0.03,0.00,0.00,0.00,0.05,0.06,0.00,0.00,0.01,0.00,0.00,0.07,0.00,0.16,0.00,0.03,0.00,0.00,0.03,0.00,0.00,0.00,0.00,0.00,0.05,0.04,0.06,0.06,0.00,0.06,0.01,0.00,0.00,0.10,0.13,0.00,0.03,0.05,0.00,0.04,0.09,-0.00,0.02,0.00,0.00,0.10,0.00,0.00,0.04,0.10,0.00,0.06,0.00
0.00,-0.00,0.00,0.00,0.67,0.50,0.00,0.45,0.11,0.01,-0.00,0.00,0.10,0.61,0.00,0.00,0.00,0.00,0.44,0.00,0.04,0.00,0.00,0.02,0.00,0.00,0.54,0.00,0.44,0.01,0.00,0.45,0.05,0.00,-0.00,0.41,0.03,0.62,0.00,0.02,0.00,0.00,0.59,0.43,0.10,0.48,0.00,0.03,0.48,0.01,0.02,0.07,0.48,0.52,0.02,-0.00,0.15,0.10,0.04,0.03,0.00,0.00,0.06,0.00,0.63,0.53,0.05,0.00,0.00,0.00,0.00,0.55,0.11,0.00,0.00,0.11,0.11,0.03,0.08,0.04,0.00,0.00,0.00,0.00,0.00,0.19,0.01,0.08,0.10,0.14,0.00,0.01,0.08,0.15,0.00,0.51,0.00,0.53,0.47,0.47,-0.00,0.00,0.06,0.14,0.52,-0.00,0.00,0.00,0.00,0.01,0.00,0.03,0.08,0.00,0.10,0.00,0.00,0.29,0.11,0.05,0.00,0.02,0.00,0.00,0.08,0.00,0.00,0.00,0.00,0.00,0.00,0.45,0.67,0.08,0.11,0.12,0.02,0.06,0.70,0.00,0.00,0.00,0.00,0.43,0.00,0.00,0.00,0.00,0.00,0.16,0.08,0.05,0.44,0.00,0.00,0.00,0.06,0.53,0.11,0.10,0.57,0.14,0.11,0.00,0.11,0.00,0.13,0.08,0.00,0.52,0.02,0.04,0.00,0.00,0.55,0.07,0.03,0.05,0.19,0.00,0.00,0.01,0.00,0.00,0.02,0.00,0.00,0.05,0.00,0.00,0.00,0.04,0.00,0.12,0.00,0.04,0.00,-0.00,0.00,0.00
0.09,0.00,0.12,0.06,-0.00,0.00,0.00,0.05,0.08,0.03,0.00,0.01,0.12,0.00,0.04,0.00,0.00,0.00,0.00,0.09,0.11,0.02,0.00,0.00,0.07,0.00,0.00,0.05,0.00,0.03,0.03,0.07,0.08,0.05,0.00,0.00,0.02,0.07,0.00,0.00,0.00,0.03,-0.00,0.00,0.00,0.00,0.00,0.00,0.00,0.05,0.08,0.07,0.00,0.01,0.00,0.05,0.00,0.06,0.00,0.00,0.00,0.04,0.02,0.00,0.00,0.08,0.00,0.01,0.06,0.00,0.01,0.13,0.05,0.00,0.00,0.20,0.10,0.00,0.06,0.00,0.00,0.03,0.05,0.00,0.00,-0.00,0.00,0.13,0.00,0.08,0.09,0.02,0.00,0.06,0.00,0.05,0.10,0.17,0.00,0.00,0.03,0.02,0.11,0.00,0.09,0.00,0.01,0.00,0.19,0.07,0.10,0.00,0.00,0.01,0.00,0.00,0.00,0.06,0.03,0.05,0.00,0.11,0.01,0.00,0.00,0.00,0.00,0.00,0.00,0.08,0.05,0.08,-0.00,0.03,0.02,0.13,0.00,0.00,0.00,0.00,0.04,0.05,0.05,0.03,0.00,0.00,0.00,0.17,0.00,0.12,0.00,0.00,0.00,0.00,0.00,0.07,0.04,0.07,0.00,0.00,0.06,0.00,0.00,0.00,0.00,0.07,0.00,0.00,0.00,0.06,0.00,0.00,0.00,0.10,0.16,0.00,-0.00,0.01,0.00,0.00,0.07,0.14,0.00,0.12,0.00,0.03,0.00,0.00,0.01,0.01,0.00,0.03,0.09,0.00,0.00,0.00,0.00,0.02,0.00,0.06
0.02,0.10,0.02,0.00,0.00,0.02,0.03,0.08,0.00,0.00,0.00,0.09,0.00,0.00,0.06,0.05,0.00,0.06,0.00,0.04,0.00,0.00,0.00,0.04,0.01,0.02,0.17,0.00,0.11,0.00,0.00,0.05,0.00,0.07,0.00,0.02,0.00,0.07,0.04,0.03,0.09,0.00,0.03,0.10,0.00,0.00,0.12,0.00,0.01,0.01,0.00,0.09,0.00,0.00,0.03,0.01,0.04,0.06,0.03,0.07,0.10,0.05,-0.00,0.02,0.00,0.00,0.00,0.00,0.06,0.00,0.00,0.00,0.10,0.04,0.00,0.13,0.05,0.00,0.00,0.05,0.00,0.00,0.00,0.02,0.02,0.10,0.00,0.00,0.00,0.03,0.00,0.15,0.00,0.00,0.03,0.00,0.00,0.00,0.02,0.00,0.13,0.00,0.01,0.00,0.09,0.01,0.04,0.00,0.00,0.06,0.04,0.17,0.00,0.02,0.05,0.07,0.09,0.01,0.00,0.08,0.21,0.06,0.00,0.05,0.05,0.02,0.00,0.00,0.02,0.00,0.00,0.04,0.06,0.04,0.04,0.00,0.02,0.04,0.01,0.08,0.00,0.00,0.01,0.10,0.05,0.13,0.00,0.00,-0.00,0.00,0.00,0.11,0.00,0.00,0.00,0.05,0.00,0.08,0.05,0.00,0.00,0.09,0.08,0.04,0.01,0.00,-0.00,0.07,0.03,0.02,0.00,0.00,0.10,0.02,0.08,0.08,0.00,0.04,0.00,0.02,0.00,0.04,0.06,0.00,0.00,0.00,0.16,0.01,0.00,0.05,0.13,0.02,0.07,0.00,0.00,0.00,0.05,0.00,0.12,0.01
0.00,0.07,0.00,0.00,0.00,0.00,0.00,0.00,0.08,0.03,0.09,0.00,0.00,0.00,0.00,0.00,0.12,0.02,0.00,0.00,0.00,0.01,0.00,0.16,0.00,0.00,0.06,0.00,0.02,0.00,0.00,0.07,0.00,0.00,0.12,0.07,0.12,0.00,-0.00,0.00,0.02,0.00,0.00,0.11,0.00,0.00,0.13,0.00,0.03,0.00,0.00,0.10,0.00,0.05,0.00,0.13,0.00,0.00,0.00,0.04,0.02,0.00,-0.00,0.05,0.06,0.00,0.07,0.00,0.04,0.04,0.03,0.00,0.10,0.06,0.00,0.00,0.00,0.05,0.00,0.00,0.00,0.12,0.00,0.00,0.00,0.00,0.00,0.00,0.00,0.00,0.00,0.00,0.00,0.00,0.00,0.01,0.03,0.03,0.00,0.11,0.01,0.16,0.06,0.03,0.04,0.06,0.03,0.06,-0.00,0.00,0.08,0.00,0.03,0.00,0.08,0.07,0.11,0.04,0.00,0.00,0.00,0.07,0.00,0.00,0.06,0.00,0.13,0.00,0.00,-0.00,0.04,0.02,0.00,0.08,0.00,0.06,0.00,0.00,0.10,0.00,0.09,0.11,0.00,0.00,0.07,0.02,0.13,0.00,0.02,0.00,0.00,0.00,0.00,0.00,0.12,0.00,0.13,0.05,0.14,0.00,0.00,0.09,0.00,0.00,0.00,0.00,0.00,0.00,0.05,0.03,0.00,0.00,-0.00,0.03,0.01,0.00,0.00,0.00,0.00,0.18,0.00,0.00,0.00,0.00,0.04,0.08,0.00,0.00,0.00,0.00,0.12,0.00,0.00,0.00,0.06,0.00,0.00,0.00,0.10,0.10
0.02,0.00,0.60,0.65,0.35,0.57,0.63,0.36,0.02,0.07,0.00,0.00,0.05,0.61,0.00,0.49,0.08,0.00,1.15,0.00,0.05,0.53,0.69,0.64,0.00,0.60,0.56,0.03,0.97,0.00,0.19,0.63,0.00,0.00,0.64,0.50,0.41,0.62,0.00,0.00,0.47,0.04,0.53,0.51,0.00,1.10,0.02,0.00,0.66,0.52,0.08,0.49,0.41,0.65,0.00,0.66,0.00,0.02,0.03,0.04,0.00,0.00,0.59,0.65,0.59,0.30,0.00,0.62,0.00,0.01,0.00,0.59,0.59,0.51,0.57,0.15,0.00,0.03,0.00,0.01,0.00,0.55,0.07,0.49,0.00,0.00,0.00,0.00,0.00,0.00,0.15,0.01,0.00,0.00,0.00,0.66,0.04,0.38,0.37,0.49,0.14,0.02,0.64,0.00,1.11,0.16,0.00,0.08,0.00,0.03,0.00,0.56,0.00,0.09,0.00,0.00,0.00,0.54,0.04,0.00,0.61,0.08,0.00,0.66,0.21,0.41,0.03,0.56,0.00,0.00,0.00,0.49,0.57,0.66,0.02,0.03,0.01,0.05,0.42,0.06,0.55,0.07,-0.00,0.45,0.03,0.00,0.00,0.00,0.00,0.00,0.11,0.00,0.57,0.00,0.00,0.00,0.00,0.63,0.00,0.00,0.96,0.06,0.58,0.00,0.00,0.00,0.00,0.55,0.02,0.98,0.00,0.58,0.00,0.00,0.62,0.11,0.09,0.00,0.00,0.00,0.00,0.06,0.01,0.61,0.00,0.00,0.12,0.00,0.11,0.00,0.08,0.52,0.10,0.00,0.00,0.00,0.00,0.00,0.01,0.01
0.00,0.10,0.58,0.63,0.16,0.08,0.67,0.00,0.00,0.03,0.00,0.00,0.02,0.08,0.00,0.57,0.01,0.00,0.66,0.00,0.00,0.47,0.55,0.65,0.17,0.57,0.00,0.10,0.59,0.05,0.00,0.03,0.09,0.04,0.63,0.00,0.63,0.02,0.01,0.05,0.48,0.06,0.06,0.00,0.01,0.52,0.09,0.02,0.00,0.56,0.00,0.48,0.13,-0.00,0.00,0.51,0.11,0.00,0.00,0.08,0.10,0.00,0.62,0.62,0.00,0.00,0.04,0.51,0.00,0.00,0.00,0.06,0.53,0.57,0.71,0.07,0.07,0.00,0.00,0.08,0.12,0.51,0.00,0.59,0.04,0.00,0.00,0.01,0.00,0.05,0.02,0.14,0.00,0.00,0.00,0.00,0.00,0.00,0.00,0.00,0.00,0.00,0.77,0.00,0.54,0.00,0.09,0.00,0.00,0.14,0.05,0.49,0.00,0.09,0.00,0.12,0.00,0.00,0.00,0.00,0.64,0.12,0.06,0.50,0.10,0.55,0.00,0.59,0.09,0.00,0.00,0.03,0.10,0.54,0.12,0.05,0.10,0.07,0.08,0.00,0.47,0.06,0.01,0.00,0.00,0.01,0.07,0.00,0.14,0.07,0.02,0.04,0.00,0.03,0.11,0.04,0.00,0.03,0.00,0.01,0.66,0.00,0.53,0.04,0.00,0.07,0.05,0.60,0.00,0.60,-0.00,0.59,0.00,0.00,0.22,0.00,0.05,0.02,0.03,0.00,0.00,0.00,0.00,0.66,0.06,0.00,0.05,0.00,0.01,0.01,0.00,0.60,0.00,0.14,0.00,0.00,0.03,0.05,0.00,0.08
0.00,0.00,0.51,0.46,0.00,0.05,0.73,-0.00,0.00,0.00,0.07,0.00,0.17,0.20,0.00,0.50,0.02,0.00,0.59,0.00,0.00,0.55,0.65,0.54,-0.00,0.60,0.00,0.05,0.63,0.02,0.08,0.01,0.10,0.00,0.61,-0.00,0.81,0.00,0.00,0.00,0.49,0.05,0.02,0.01,0.00,0.43,0.00,0.02,0.06,0.48,0.11,0.66,0.17,0.00,0.00,0.56,0.11,0.04,0.00,0.00,0.01,0.08,0.66,0.68,0.00,0.00,0.03,0.60,0.00,0.00,0.00,0.00,0.54,0.47,0.56,0.02,0.00,0.08,0.07,0.07,0.08,0.51,0.00,0.60,0.00,0.06,0.00,-0.00,0.00,0.00,0.00,0.03,0.00,0.00,0.00,0.02,0.03,0.01,0.00,0.00,0.08,0.00,0.45,0.06,0.44,0.08,0.00,0.20,0.00,0.00,0.00,0.64,0.13,0.00,0.00,0.02,0.04,0.01,0.15,0.08,0.51,0.00,0.00,0.53,0.15,0.60,0.00,0.60,0.04,0.00,0.01,0.15,0.08,0.68,0.00,0.00,0.07,0.00,0.00,0.03,0.49,0.05,0.00,0.00,0.10,0.03,0.00,0.00,0.00,0.00,0.04,0.00,0.00,0.01,0.00,0.04,0.11,0.07,0.00,0.05,0.56,0.01,0.51,0.00,0.00,0.00,0.00,0.57,0.00,0.52,0.00,0.47,0.12,0.00,0.00,0.00,0.00,0.00,0.00,0.03,0.05,0.00,0.02,0.57,0.03,0.00,0.07,0.00,0.00,0.00,0.00,0.66,0.00,0.00,0.08,0.16,0.08,0.09,0.00,0.00
0.00,0.06,0.00,0.10,0.64,0.48,0.00,0.50,0.00,0.00,0.16,0.00,0.00,0.60,0.00,0.00,0.06,0.04,0.58,0.04,0.00,0.00,0.00,0.10,-0.00,0.11,0.50,0.00,0.49,0.00,0.00,0.43,0.03,0.00,0.00,0.54,0.00,0.59,0.08,0.00,0.00,0.00,0.55,0.51,0.00,0.57,0.05,0.05,0.59,0.22,0.16,0.13,0.60,0.45,0.05,0.00,0.00,-0.00,0.01,0.00,0.02,0.00,0.06,0.01,0.55,0.56,0.00,0.00,0.09,0.03,0.00,0.61,0.00,0.10,0.04,0.00,0.00,0.05,0.00,0.02,0.00,0.06,0.00,0.02,0.00,0.12,0.00,0.00,0.15,0.00,0.00,0.00,0.04,0.01,0.00,0.46,0.08,0.50,0.43,0.41,0.06,0.00,0.04,0.00,0.47,0.01,0.00,0.00,0.00,0.02,0.00,0.00,0.06,0.02,0.02,0.05,0.09,0.55,0.18,0.00,0.00,0.00,0.00,0.01,0.13,0.00,0.01,0.00,0.05,0.03,0.00,0.44,0.45,0.00,0.04,0.05,0.00,0.00,0.50,0.04,0.07,0.00,0.00,0.57,0.10,0.00,0.13,0.03,0.00,0.00,0.05,0.12,0.49,0.00,0.00,0.00,0.11,0.41,0.10,0.06,0.49,0.00,0.06,0.01,0.00,0.00,0.00,0.00,0.04,0.52,0.00,0.09,0.12,0.09,0.42,0.00,0.01,-0.00,0.04,0.00,0.01,0.00,0.00,0.08,0.03,0.00,0.00,0.05,0.00,0.00,0.00,0.00,0.16,0.02,0.01,0.00,0.15,0.00,0.00,0.15
0.00,0.03,0.00,0.00,0.45,0.47,0.00,0.57,0.09,0.08,0.03,0.05,0.00,0.45,0.00,0.00,0.00,0.00,0.49,0.00,0.00,0.00,0.00,0.00,0.03,0.03,0.48,0.12,0.46,0.00,0.00,0.51,0.05,0.00,0.00,0.48,0.00,0.54,0.04,0.04,0.00,0.04,0.52,0.42,0.03,0.45,0.03,0.09,0.65,0.00,0.00,0.05,0.50,0.54,-0.00,0.06,0.01,0.00,0.12,0.00,0.00,0.00,0.00,0.02,0.48,0.48,0.00,0.16,0.02,0.03,0.04,0.53,0.04,0.02,0.00,0.03,0.00,0.05,0.00,0.00,0.13,0.01,0.02,0.04,0.00,0.00,0.00,0.00,0.00,0.00,0.00,0.00,0.00,0.00,0.01,0.38,0.00,0.54,0.48,0.54,0.01,0.08,0.12,0.02,0.61,0.08,0.13,0.00,0.00,0.14,0.06,0.00,0.06,0.02,0.13,0.06,0.03,0.51,0.00,0.00,0.08,0.04,0.08,0.09,0.09,0.04,0.00,0.00,0.05,0.04,0.03,0.45,0.51,0.00,0.03,0.00,0.00,0.07,0.46,0.06,0.05,0.01,-0.00,0.52,0.05,0.00,0.00,0.00,0.00,0.13,0.00,0.00,0.58,0.01,0.07,0.00,0.00,0.50,0.00,0.00,0.41,0.00,0.00,0.04,0.00,0.00,0.13,0.00,0.13,0.49,0.00,0.00,0.01,0.00,0.56,0.21,0.00,0.00,0.14,0.00,0.00,0.06,0.00,0.00,0.00,0.05,0.00,0.07,0.03,0.11,0.01,0.12,0.00,0.07,0.07,0.00,0.00,0.00,0.00,0.00
0.00,0.06,0.08,0.07,0.66,0.47,0.10,0.56,0.00,0.07,0.15,0.00,0.02,0.61,0.00,0.00,0.01,0.15,0.65,0.02,0.00,0.01,0.00,0.04,0.00,0.00,0.56,0.09,0.48,0.03,0.07,0.55,0.00,0.00,0.00,0.45,0.04,0.51,0.00,0.12,0.15,0.02,0.38,0.46,0.05,0.55,0.09,0.10,0.51,0.00,0.03,0.02,0.51,0.52,0.00,0.00,0.00,0.00,0.03,0.00,0.00,0.00,0.00,0.00,0.50,0.59,0.03,0.02,0.00,0.09,0.00,0.57,-0.00,0.12,0.01,0.00,0.00,0.00,0.00,0.00,0.00,0.00,0.03,0.00,0.00,0.00,0.00,0.11,0.01,0.04,-0.00,0.00,0.00,0.01,0.11,0.50,0.07,0.50,0.39,0.51,0.10,0.06,0.04,0.00,0.44,0.00,0.04,0.00,0.00,0.05,0.10,0.00,0.12,0.06,0.00,0.00,0.00,0.55,0.08,0.00,0.00,0.20,0.08,0.04,0.00,0.00,0.02,0.00,0.00,0.03,0.00,0.52,0.57,0.08,0.00,0.00,0.09,0.00,0.47,0.00,0.00,0.07,0.03,0.51,0.00,0.01,0.00,0.00,0.00,0.00,0.00,0.00,0.48,-0.00,0.00,0.00,0.00,0.41,0.00,0.00,0.64,0.00,0.04,0.01,0.00,0.03,0.07,0.00,0.17,0.47,0.00,0.00,0.04,0.00,0.52,0.05,0.16,0.05,0.00,0.00,0.00,0.00,0.02,0.00,0.04,0.00,0.04,0.17,0.00,0.00,0.04,0.09,0.00,0.06,0.15,0.03,0.00,0.00,0.04,0.00
0.04,0.10,0.48,0.60,0.00,0.03,0.57,0.01,0.00,0.03,0.00,0.05,0.00,-0.00,0.00,0.50,0.00,0.00,0.52,0.00,0.00,0.56,0.51,0.37,0.00,0.49,0.15,0.13,0.50,0.03,0.00,0.00,0.10,0.00,0.54,-0.00,0.62,0.09,0.04,0.04,0.55,0.05,0.02,-0.00,0.00,0.53,0.02,0.12,0.03,0.57,0.08,0.52,0.00,0.00,0.00,0.31,0.00,0.02,0.05,0.03,0.03,0.00,0.55,0.55,0.00,0.09,0.03,0.52,0.03,0.00,0.00,0.00,0.49,0.48,0.51,0.02,0.00,0.01,-0.00,0.16,-0.00,0.57,0.00,0.64,0.00,0.13,0.00,0.00,0.03,0.14,0.05,0.00,0.00,0.00,0.00,0.09,0.00,0.00,0.00,0.00,0.04,0.00,0.65,0.00,0.64,0.00,0.17,0.00,0.00,0.06,0.00,0.62,0.00,0.09,0.00,0.00,0.03,0.00,0.06,0.00,0.72,0.00,0.01,0.61,0.00,0.48,0.02,0.66,0.09,0.14,0.00,0.09,0.04,0.46,0.12,0.00,0.02,0.00,0.00,0.09,0.43,0.00,0.02,0.08,0.06,0.00,0.06,0.06,0.00,0.00,0.03,0.03,0.00,0.00,0.13,0.00,0.00,0.13,0.00,0.00,0.66,0.02,0.52,0.08,0.00,0.13,0.00,0.69,0.00,0.52,0.00,0.57,0.00,0.06,-0.00,0.01,0.00,0.06,0.00,0.03,0.05,-0.00,0.08,0.45,0.08,0.07,0.08,0.00,0.00,0.00,0.04,0.61,0.04,0.00,0.06,0.03,0.00,0.00,0.08,0.00
0.00,0.12,0.07,0.05,0.00,0.08,0.01,0.09,0.06,0.00,0.00,0.00,0.00,0.00,0.01,0.00,0.07,0.00,0.00,0.00,0.00,0.00,0.00,0.00,0.00,0.00,0.00,0.17,0.03,0.00,0.00,0.02,0.04,0.00,0.00,0.00,0.01,0.07,0.00,0.03,0.09,0.00,0.09,0.04,0.03,0.00,0.06,0.07,0.10,0.00,0.00,0.03,0.00,0.01,0.00,0.21,0.00,0.03,0.00,0.01,0.00,0.00,0.11,0.00,-0.00,0.00,0.00,0.00,0.01,0.06,0.05,0.00,0.00,0.02,0.00,0.06,0.12,0.07,0.07,0.00,0.00,0.00,0.00,0.00,0.09,0.04,0.05,0.00,0.00,0.04,0.02,0.17,0.00,0.07,0.00,0.01,0.10,0.04,0.04,0.16,0.00,0.02,0.02,0.01,0.00,0.00,0.00,0.00,0.09,0.00,0.00,0.00,0.06,0.01,0.00,0.02,0.05,0.00,0.03,0.00,0.12,0.06,0.00,0.06,0.04,0.05,0.00,0.02,0.00,0.01,0.01,0.20,0.00,0.08,0.00,0.00,0.01,0.00,0.01,0.08,0.03,0.00,0.00,0.00,0.14,0.00,0.10,0.01,0.00,0.05,0.00,0.00,0.17,0.00,0.00,0.00,0.00,0.06,0.00,0.00,0.00,0.02,0.01,0.00,0.03,0.00,0.13,0.01,0.00,0.02,0.00,0.02,0.00,0.00,0.04,0.00,0.02,0.02,0.00,0.00,0.00,0.07,0.00,0.05,0.09,0.00,0.05,0.00,0.00,0.00,0.15,0.06,0.01,0.00,0.00,-0.00,0.00,0.00,0.00,0.08
0.00,0.00,0.00,0.08,0.03,0.00,0.05,0.00,0.01,0.00,0.14,0.00,0.07,0.00,0.13,0.01,0.09,0.00,0.00,0.00,0.13,0.07,0.00,0.00,0.00,0.00,0.06,0.00,0.01,0.00,0.00,0.00,0.06,0.17,0.00,0.00,0.00,0.00,0.08,0.00,0.10,0.00,0.04,0.05,0.06,0.00,0.02,0.00,0.00,0.00,-0.00,0.02,0.00,-0.00,0.00,0.07,0.07,0.07,0.03,0.06,0.00,0.00,0.01,0.00,0.09,0.00,0.00,0.07,0.00,0.00,0.00,0.00,0.06,0.00,0.00,0.09,0.18,0.00,0.09,0.10,0.02,0.00,0.00,0.00,0.00,0.00,0.00,0.02,0.00,0.00,0.00,0.00,0.00,0.05,0.01,0.00,0.01,0.00,0.03,0.00,0.00,0.00,0.00,0.04,-0.00,0.00,0.07,0.03,0.00,0.03,0.00,0.04,0.00,0.11,0.00,0.14,0.00,0.01,0.00,0.03,0.02,0.00,0.01,0.00,0.01,0.01,0.11,0.00,0.00,0.00,0.00,0.02,0.00,0.28,0.00,0.00,0.07,0.03,0.03,0.00,0.04,0.06,0.00,0.10,0.00,0.06,0.03,0.00,0.06,0.01,0.13,0.00,0.00,0.06,0.00,0.00,0.00,0.00,0.00,0.00,0.01,0.00,0.00,0.10,0.03,0.26,0.02,0.02,0.00,0.06,0.04,0.06,0.06,0.00,0.00,0.00,0.01,0.00,0.02,0.08,0.00,0.00,0.05,0.00,0.01,0.00,0.05,0.00,0.03,0.06,0.00,0.00,0.00,0.00,0.00,0.00,0.00,0.00,0.00,0.00
0.07,0.00,0.00,0.00,0.06,0.03,0.00,0.00,-0.00,0.00,0.16,0.19,0.00,0.06,0.00,0.03,0.14,0.00,0.01,0.02,0.09,0.00,0.14,0.00,0.00,0.01,0.03,0.14,0.00,0.00,0.11,0.08,0.00,0.00,0.00,0.00,0.08,0.01,0.04,0.08,0.22,0.00,0.00,0.09,0.02,0.00,0.00,0.00,0.00,0.00,0.11,-0.00,0.00,0.09,0.00,0.01,0.02,0.00,0.12,0.09,0.08,0.00,0.00,0.03,0.06,0.00,0.10,0.05,0.03,0.00,0.11,0.00,0.00,0.00,0.01,0.00,0.06,0.00,0.00,0.00,0.00,0.00,0.13,0.04,0.00,0.01,0.10,0.12,0.00,0.00,0.07,0.01,0.00,0.00,0.00,0.00,0.08,0.00,0.07,0.01,0.00,0.01,0.00,0.00,0.07,0.00,0.00,0.00,0.06,0.00,0.00,0.04,0.00,0.00,0.00,0.12,0.06,0.00,0.03,0.00,0.00,0.00,0.00,0.00,0.00,0.00,0.00,0.06,0.13,0.00,0.01,0.04,-0.00,0.00,0.00,0.00,0.02,0.02,0.11,0.04,0.00,0.00,0.00,0.10,0.04,0.05,0.00,0.01,0.00,0.00,0.04,0.09,0.20,0.10,0.00,0.04,0.05,0.10,0.17,0.00,0.00,0.00,0.00,0.00,0.00,0.00,0.00,0.06,0.07,0.01,0.08,0.00,0.00,0.00,0.00,0.00,0.03,0.00,0.08,0.00,0.00,0.07,0.04,0.00,0.00,0.00,0.00,0.00,0.00,0.08,0.01,0.01,0.00,0.15,0.00,0.00,0.01,0.07,0.00,0.00
0.00,0.02,0.00,0.00,0.12,0.00,0.00,0.00,0.00,0.00,0.05,0.14,0.01,0.06,0.00,0.12,0.01,0.00,0.03,0.07,0.04,0.00,0.04,0.00,0.06,0.01,0.01,0.00,0.00,0.02,0.04,0.11,0.00,0.06,0.06,0.03,0.04,0.03,0.06,0.00,0.06,0.10,0.01,0.03,0.00,0.00,0.10,0.05,0.00,0.13,0.00,0.02,0.08,0.03,0.00,0.00,0.00,0.00,0.08,0.00,0.00,0.11,0.13,0.01,0.00,0.00,0.02,0.00,0.13,0.04,-0.00,0.08,0.06,0.00,0.04,0.00,0.00,0.00,0.06,0.08,0.00,0.00,0.06,0.02,0.02,0.00,0.05,0.12,-0.00,0.22,0.14,0.02,0.00,0.00,0.03,0.01,0.00,0.03,0.00,0.12,0.00,0.03,0.00,0.00,0.00,0.00,0.06,0.08,0.00,0.00,0.00,0.03,0.00,0.00,0.03,0.08,0.00,0.12,0.00,0.00,0.00,0.12,0.14,0.21,0.00,0.04,0.08,0.11,0.17,0.00,0.08,0.00,0.06,0.02,0.06,0.00,0.13,0.00,0.02,0.11,0.00,0.05,0.00,0.00,0.03,-0.00,0.00,0.00,0.07,0.00,0.00,0.00,0.00,0.00,0.00,0.05,0.06,0.00,0.02,0.00,0.00,0.02,0.00,0.08,0.07,0.00,0.01,0.00,0.00,0.00,0.08,0.01,0.11,0.10,0.02,0.00,0.00,-0.00,0.03,0.00,0.00,0.00,0.01,0.00,0.04,0.21,0.01,0.00,0.03,0.00,0.00,0.06,0.02,0.00,0.00,0.11,0.00,0.03,0.00,0.00
0.11,0.04,0.00,0.12,0.00,0.05,0.08,0.04,0.00,0.00,0.00,0.09,0.06,0.04,0.00,0.00,0.00,0.00,0.07,0.04,0.00,0.00,0.00,0.10,0.00,0.09,0.02,0.01,0.00,0.00,0.07,0.00,0.10,0.00,0.00,0.00,0.10,0.02,0.00,0.00,0.00,0.00,0.00,0.05,0.05,0.00,0.01,0.00,0.00,0.05,0.01,0.00,0.00,0.02,0.23,0.02,0.17,0.09,0.01,0.00,0.00,0.00,0.00,0.13,0.00,0.06,0.04,0.09,0.03,0.02,0.00,0.00,0.00,0.01,0.00,0.00,-0.00,0.00,0.00,0.02,-0.00,0.00,0.02,0.07,0.08,0.00,0.00,0.01,0.00,0.00,0.00,0.01,0.00,0.00,0.00,0.06,0.00,0.00,0.00,0.00,0.00,-0.00,0.05,0.00,0.17,0.00,0.00,0.03,0.00,0.03,0.00,0.00,0.00,0.00,0.04,0.03,0.00,0.19,0.08,0.04,0.00,0.00,0.07,0.17,0.07,0.02,0.00,0.00,0.05,0.11,0.04,0.10,0.00,0.09,0.02,0.02,0.00,0.00,0.02,0.00,0.04,0.13,0.02,0.05,0.00,0.00,0.12,0.00,0.00,0.16,0.00,0.02,-0.00,0.09,0.00,0.00,0.11,0.00,0.13,0.02,0.00,0.05,0.00,0.02,0.01,0.00,0.00,0.10,0.00,0.00,0.00,-0.00,0.00,0.00,-0.00,0.05,0.02,0.21,0.00,0.00,0.00,0.00,0.00,0.00,0.06,0.00,0.21,0.00,0.00,0.00,0.05,0.00,0.02,-0.00,0.05,0.00,0.00,0.00,0.00,0.00
0.61,0.65,0.14,0.00,0.00,0.08,0.00,0.04,0.00,0.00,0.02,-0.00,0.48,0.00,0.10,0.00,0.00,0.04,0.01,0.00,0.00,0.00,0.68,0.00,0.04,0.02,0.06,0.01,0.02,0.01,0.00,0.00,0.06,0.70,0.00,0.66,0.64,0.02,0.00,0.10,0.01,0.69,0.00,0.00,0.07,0.65,0.00,0.73,0.72,0.00,0.00,0.00,0.54,0.00,0.06,0.07,0.09,0.05,0.61,0.06,0.04,0.67,0.70,0.00,0.05,0.69,0.08,0.01,0.00,0.00,0.00,0.65,0.00,0.06,0.73,0.78,0.69,0.68,0.08,0.00,0.06,0.65,0.01,0.00,0.01,0.14,0.62,0.00,0.02,-0.00,0.00,0.08,0.00,0.04,0.00,0.00,0.10,0.06,0.02,0.69,0.64,0.00,0.00,0.00,0.02,0.00,0.82,0.74,0.04,0.03,0.05,0.00,0.67,0.73,0.00,0.00,0.05,0.08,0.00,0.00,0.11,0.71,0.00,0.64,0.10,0.00,0.00,0.00,0.66,0.00,0.56,0.00,0.56,0.08,0.08,0.05,0.00,0.08,0.03,0.00,0.00,0.00,0.00,0.00,0.04,0.07,0.00,0.05,0.77,0.00,0.00,0.01,0.05,0.03,0.04,0.09,0.00,0.79,0.00,0.04,0.00,0.68,0.68,0.00,0.02,0.06,0.07,0.12,0.03,0.64,0.00,0.03,0.01,0.00,0.77,0.00,0.00,0.00,0.00,0.03,0.00,0.00,0.16,0.00,0.00,0.09,0.63,0.00,0.00,0.59,0.05,0.12,0.00,0.03,0.00,0.15,0.05,0.00,0.00,0.06
0.14,0.00,0.12,-0.00,0.16,0.01,0.06,0.07,0.00,0.00,0.05,0.05,0.00,0.00,0.00,0.00,-0.00,0.00,0.00,0.10,0.00,0.00,0.09,0.03,0.05,0.04,0.16,0.13,0.04,0.07,0.01,0.04,0.00,0.04,0.06,0.00,0.00,0.15,0.00,0.00,0.07,0.01,0.00,0.13,0.06,0.06,0.06,0.07,0.05,0.00,0.00,0.00,0.00,0.09,0.00,0.00,0.00,0.02,0.00,0.00,0.00,0.00,0.12,0.04,0.00,0.00,0.03,0.00,0.00,0.00,0.05,0.00,0.00,0.07,0.04,0.00,0.06,0.00,0.00,0.00,0.00,0.06,0.01,0.00,0.00,0.15,0.10,-0.00,0.00,0.00,0.00,0.00,0.00,0.06,0.00,0.08,0.00,0.00,0.00,0.00,0.00,0.09,0.04,0.10,0.00,0.00,0.06,0.11,0.08,0.00,0.06,0.09,0.06,0.00,0.00,0.00,0.00,0.00,0.08,0.00,0.00,0.00,0.00,0.00,0.00,0.05,0.00,0.03,0.01,0.00,0.11,0.00,0.05,0.00,0.00,0.04,0.05,0.00,0.07,0.01,0.00,0.11,0.05,0.00,0.00,0.05,0.00,0.00,0.12,0.00,0.00,-0.00,0.00,0.00,0.08,0.08,0.00,0.00,0.02,0.09,0.03,0.05,0.00,0.09,0.01,0.00,0.04,0.03,0.00,0.00,0.01,0.05,0.00,0.00,0.03,0.00,0.00,0.02,0.00,0.04,0.03,0.00,0.00,0.00,0.00,0.04,0.01,0.02,0.04,0.00,0.00,0.02,0.00,0.00,0.02,0.13,0.11,0.06,0.00,0.00
0.00,0.02,0.59,0.60,0.05,0.15,0.57,0.12,0.03,0.00,0.00,0.00,0.07,0.00,0.00,0.43,0.00,0.00,0.57,0.03,0.00,0.57,0.57,0.53,0.00,0.74,0.05,0.12,0.68,0.08,0.00,0.12,0.00,0.00,0.43,0.06,0.61,0.00,0.00,0.00,0.39,0.00,0.01,0.00,0.00,0.59,0.01,0.00,0.00,0.52,0.00,0.61,0.13,0.02,0.00,0.51,0.11,0.00,0.10,-0.00,0.00,0.07,0.76,0.62,0.00,0.00,0.00,0.55,0.00,0.00,-0.00,0.00,0.61,0.53,0.72,0.00,0.00,0.06,0.00,0.13,0.03,0.65,0.00,0.53,0.01,0.11,0.00,0.00,0.00,0.06,0.09,0.00,0.00,-0.00,-0.00,0.07,0.00,0.00,-0.00,0.08,0.15,0.00,0.62,0.00,0.50,0.16,0.02,0.00,0.01,0.00,0.00,0.56,0.00,0.09,0.00,0.05,0.05,0.00,0.10,0.00,0.35,0.00,0.00,0.69,0.00,0.60,0.00,0.52,0.13,0.00,0.00,0.00,0.00,0.70,0.00,0.00,0.04,0.00,0.00,0.00,0.55,0.17,0.00,0.03,0.01,0.09,0.00,-0.00,0.00,0.00,0.10,0.00,0.00,0.00,0.05,0.07,0.00,0.05,0.00,0.00,0.47,0.00,0.55,0.10,0.09,0.00,0.00,0.53,0.11,0.65,0.00,0.54,0.10,0.00,0.00,0.03,0.10,0.00,0.05,0.00,0.00,0.00,0.06,0.42,0.00,0.10,0.00,0.00,0.00,0.00,0.04,0.56,0.10,0.00,-0.00,0.00,0.04,0.14,0.00,0.00
0.08,0.00,-0.00,0.00,0.51,0.53,0.09,0.43,0.00,0.05,0.00,0.04,0.00,0.29,0.00,0.00,0.03,0.00,0.52,0.04,0.01,0.00,0.00,0.06,0.00,0.03,0.58,0.03,0.33,0.01,0.00,0.40,-0.00,0.00,0.04,0.39,0.00,0.53,0.02,0.00,0.06,0.00,0.56,0.54,0.01,0.56,0.00,0.00,0.49,0.00,0.00,0.00,0.40,0.52,0.00,0.00,0.05,0.06,0.00,0.00,0.00,-0.00,0.01,0.05,0.66,0.52,0.03,0.00,0.00,0.11,0.08,0.56,0.03,0.05,0.00,0.09,0.05,0.06,0.00,0.00,0.00,0.07,0.00,-0.00,0.01,0.07,0.05,0.10,0.00,0.00,0.04,0.00,0.00,0.00,0.02,0.48,0.14,0.51,0.53,0.60,0.00,0.09,0.16,0.00,0.43,0.07,0.00,0.00,0.01,0.13,0.00,0.00,0.04,0.12,0.00,0.00,0.00,0.62,0.20,0.00,0.00,0.07,0.00,0.17,0.02,0.17,0.00,0.00,0.00,0.00,0.00,0.66,0.53,-0.00,0.09,0.00,0.01,0.00,0.49,0.00,0.00,0.07,0.04,0.45,0.00,0.05,0.00,0.00,0.07,0.05,0.00,0.12,0.60,0.00,0.00,0.08,0.06,0.45,0.04,0.00,0.49,0.00,0.00,0.03,-0.00,0.02,0.05,0.13,0.00,0.56,0.08,0.00,0.00,0.00,0.52,0.00,0.00,0.11,0.00,0.00,0.00,0.01,-0.00,0.00,0.00,0.01,0.00,0.04,0.00,0.04,0.00,0.00,0.03,0.00,0.00,0.00,0.00,0.03,0.00,0.00
0.67,0.72,0.00,-0.00,0.41,0.48,0.02,0.57,0.00,0.05,0.03,0.01,0.57,0.66,0.00,0.18,0.02,0.00,0.44,0.00,0.02,0.04,0.62,0.01,0.07,0.07,0.60,0.09,0.41,0.01,0.00,0.56,0.00,0.69,0.06,1.24,0.67,0.48,0.00,0.00,0.00,0.72,0.55,0.43,0.00,1.09,0.18,0.68,1.21,0.05,0.00,0.00,1.20,0.50,0.08,0.07,0.07,0.04,0.61,0.06,0.00,0.83,0.68,0.19,0.39,1.18,0.10,0.01,0.00,-0.00,0.00,1.18,0.00,0.00,0.58,0.73,0.63,0.79,0.02,0.01,0.02,0.79,0.00,0.00,0.00,0.00,0.67,0.00,0.01,0.00,0.00,0.06,0.00,0.00,0.00,0.52,0.00,0.51,0.41,1.19,0.54,0.00,-0.00,0.07,0.49,0.00,0.75,0.67,0.00,0.00,0.00,0.00,0.76,0.73,0.00,0.06,0.00,0.69,0.06,0.00,0.03,0.67,0.13,0.77,0.00,0.01,0.01,0.07,0.63,0.01,0.69,0.48,1.21,0.00,0.00,0.00,0.00,0.07,0.68,0.00,0.04,0.07,0.01,0.67,0.00,0.01,0.00,0.10,0.61,0.00,0.00,0.00,0.56,0.00,0.00,-0.00,0.00,1.23,0.00,0.01,0.46,0.59,0.66,0.00,0.00,0.00,0.04,0.00,0.00,1.26,0.00,0.04,0.00,0.00,1.09,0.04,0.00,-0.00,0.00,0.09,0.13,0.00,0.15,0.00,0.00,0.03,0.73,0.00,0.00,0.64,0.16,0.00,0.10,0.00,0.03,0.00,0.07,0.00,0.00,0.00
0.00,0.05,0.00,0.00,0.00,0.00,0.00,0.06,0.03,0.00,0.12,0.09,0.00,0.00,0.00,0.00,0.00,0.08,0.06,0.00,0.00,0.15,0.04,0.04,0.00,0.05,0.00,0.00,0.05,0.04,0.00,0.00,0.15,0.00,0.00,0.03,0.00,0.00,0.02,0.03,0.02,0.02,0.00,0.10,0.11,0.00,0.00,0.00,0.06,0.00,0.09,0.03,0.03,0.00,0.00,0.00,0.00,0.01,0.04,0.05,0.00,0.20,0.02,0.04,0.02,0.08,0.15,0.04,0.00,0.00,0.00,0.19,0.08,0.00,0.00,0.00,0.00,0.05,0.00,0.10,0.00,0.13,-0.00,0.08,0.00,0.02,0.00,0.00,0.00,0.00,0.05,0.08,0.00,0.07,0.02,0.10,-0.00,0.09,0.00,0.00,0.01,0.00,0.00,0.09,-0.00,0.00,0.11,0.00,0.12,0.00,0.04,0.00,0.00,0.00,0.07,0.04,0.01,0.00,0.02,0.01,0.03,0.00,0.00,0.09,0.14,0.00,0.01,0.00,0.00,0.00,0.00,0.00,0.01,0.00,0.10,0.13,0.00,0.09,0.00,0.00,0.14,-0.00,0.00,0.03,0.00,0.00,0.02,0.00,0.00,0.00,0.00,0.02,0.00,0.14,0.09,0.01,0.00,0.00,0.00,0.00,0.04,0.01,0.11,0.14,0.00,0.09,0.00,0.03,0.12,0.00,0.00,0.00,0.02,0.00,0.04,0.03,0.13,0.12,0.00,0.15,0.00,0.00,0.00,0.00,0.04,0.00,0.02,0.00,0.00,0.00,0.08,0.00,0.00,0.00,0.00,0.07,0.07,0.10,0.03,0.00
0.00,0.08,0.04,0.14,0.04,0.02,0.00,0.02,0.03,0.14,0.07,0.00,0.06,0.00,0.00,0.00,0.01,0.02,0.03,0.00,0.00,0.00,0.00,0.03,0.00,0.01,0.00,0.05,0.01,0.00,0.06,0.10,0.00,0.07,0.00,0.00,0.00,0.08,0.05,0.00,-0.00,0.00,0.00,0.00,0.07,0.08,0.00,0.04,0.04,0.00,0.00,0.00,0.00,0.01,0.00,0.00,0.00,0.12,0.00,0.11,0.08,0.09,0.00,0.00,0.00,0.00,0.00,0.02,0.02,0.00,0.00,0.00,0.00,-0.00,0.01,0.08,0.00,0.00,0.00,0.05,0.04,0.02,0.00,0.09,0.00,0.00,0.00,0.00,0.00,0.00,0.00,0.06,0.00,0.05,0.12,0.08,0.00,0.00,0.00,0.03,0.01,0.00,0.02,0.00,0.00,0.01,0.00,0.00,0.09,0.00,0.00,0.00,0.02,0.00,0.00,0.00,0.13,0.02,0.00,0.00,0.04,0.04,0.00,0.05,-0.00,0.00,0.17,0.01,0.02,0.00,0.02,0.00,0.00,0.00,0.00,0.00,0.06,0.00,-0.00,0.00,0.09,0.03,0.03,0.00,0.00,0.07,0.00,0.03,0.05,0.00,0.04,0.00,0.08,0.03,0.04,0.07,0.04,0.00,0.03,0.00,0.01,0.11,0.00,0.06,0.07,0.00,0.00,0.06,0.06,0.00,-0.00,0.00,0.04,0.06,0.00,0.00,0.00,0.00,0.04,0.08,0.00,0.00,0.10,0.02,0.00,0.08,0.00,0.00,0.00,0.00,0.00,0.03,0.00,0.05,0.00,0.04,0.00,0.00,0.00,0.00
0.00,0.00,0.00,0.04,0.00,0.05,0.05,0.04,0.00,0.00,0.02,0.00,0.00,0.00,0.09,0.00,0.05,0.08,0.02,0.00,0.00,0.04,0.00,0.02,0.16,0.00,0.01,0.00,0.00,0.00,0.06,0.11,0.02,0.08,0.05,0.14,0.00,0.00,0.00,0.09,0.02,0.00,0.00,0.04,0.05,0.00,0.07,0.05,0.07,0.00,0.02,0.04,0.15,0.03,0.07,0.00,0.03,0.00,0.05,0.00,0.01,0.05,0.05,0.04,0.00,0.14,0.00,0.00,0.08,0.06,0.00,0.00,0.08,0.06,0.00,0.12,0.00,0.00,0.00,0.00,0.00,0.00,-0.00,0.00,0.01,0.00,0.00,0.07,0.00,0.00,0.06,0.08,0.00,0.01,0.02,0.00,0.00,0.00,0.03,0.00,0.04,0.05,0.05,0.00,0.00,0.00,0.09,0.07,0.00,0.01,0.00,0.02,0.00,0.14,0.06,0.02,0.14,0.11,0.00,0.03,0.00,0.07,0.01,0.06,0.05,0.05,0.00,0.00,0.04,0.09,0.09,0.02,0.05,0.00,0.00,0.00,0.07,0.00,0.00,0.13,0.00,0.00,0.00,0.00,0.00,0.10,0.02,0.07,0.00,0.00,0.04,0.00,0.03,0.02,0.00,0.08,0.00,-0.00,0.00,0.00,0.02,0.00,0.00,0.01,0.00,0.02,0.02,0.00,0.00,0.00,0.00,0.02,0.02,0.00,0.23,0.00,0.00,0.00,0.06,0.00,0.00,0.09,0.00,0.00,0.06,0.09,0.05,0.00,0.00,0.00,0.00,0.10,0.05,0.10,0.00,-0.00,0.01,0.00,0.21,0.08
0.86,0.75,0.66,0.55,0.06,0.10,0.64,0.06,0.00,0.00,0.00,0.15,0.70,0.00,0.04,0.61,0.00,0.00,0.54,0.04,0.03,0.45,1.16,0.52,0.00,0.57,0.03,0.00,0.54,0.00,0.02,0.04,0.00,0.73,0.77,0.72,1.41,0.00,0.00,0.04,0.45,0.58,0.00,0.00,0.16,1.19,0.00,0.75,0.71,0.53,0.00,0.57,0.75,0.00,0.00,0.63,0.05,0.00,0.78,0.00,0.09,0.65,1.26,0.47,0.07,0.75,0.07,0.45,0.02,0.07,0.02,0.74,0.55,0.44,1.27,0.68,0.57,0.63,0.14,0.15,0.00,1.16,0.08,0.52,0.08,0.08,0.67,0.00,0.00,0.00,0.04,0.00,0.01,0.05,0.00,0.11,0.00,0.00,0.13,0.71,0.72,0.02,0.59,0.10,0.61,0.00,0.71,0.69,0.00,0.02,0.00,0.48,0.70,0.65,0.00,0.00,0.00,0.02,0.00,0.03,0.47,0.68,-0.00,1.16,0.00,0.50,0.03,0.67,0.74,0.00,0.74,0.01,0.64,0.69,0.00,0.14,0.05,0.00,0.00,0.13,0.49,0.05,0.00,0.12,-0.00,0.12,0.09,0.00,0.77,0.00,0.00,0.00,0.00,0.00,0.00,-0.00,0.00,0.81,0.00,0.00,0.54,0.69,1.19,0.07,0.07,-0.00,0.02,0.66,0.10,1.16,0.01,0.49,0.01,-0.00,0.74,0.15,0.00,0.00,0.00,0.00,0.00,0.00,0.06,0.57,0.00,-0.00,0.54,0.02,0.06,0.66,0.03,0.69,0.01,0.06,0.00,0.00,0.11,-0.00,0.00,-0.00
0.00,-0.00,-0.00,0.01,0.04,0.10,0.00,0.00,0.01,0.06,0.00,0.00,0.04,0.00,0.00,0.06,0.04,0.00,0.03,0.00,0.01,0.04,0.10,0.00,0.04,0.13,0.10,0.00,0.01,0.00,0.03,0.01,0.03,0.00,0.01,0.00,0.00,0.00,0.00,0.00,0.00,0.07,0.03,0.00,0.06,0.00,0.19,0.00,0.00,0.00,0.00,0.00,0.00,0.00,0.00,0.00,0.10,0.11,0.00,0.00,0.00,0.09,0.00,0.00,0.00,0.00,0.00,0.00,0.00,0.03,0.00,0.00,0.00,0.12,0.00,0.02,0.00,0.00,0.00,0.00,0.07,0.01,0.02,0.00,0.12,0.03,0.02,0.00,0.00,0.02,0.00,0.00,-0.00,0.00,0.00,0.04,0.00,-0.00,0.01,0.00,0.00,0.03,0.02,0.00,0.04,0.00,0.00,0.00,0.05,0.00,0.03,0.00,0.09,0.00,0.01,0.00,0.00,0.00,0.00,0.06,0.00,0.00,0.04,0.03,0.01,0.00,0.00,0.13,0.03,0.00,0.00,0.12,0.00,0.15,0.00,0.04,0.00,0.06,0.00,0.00,0.00,0.00,0.00,0.00,0.03,0.01,0.08,0.00,0.00,0.04,0.06,0.08,0.00,-0.00,0.04,0.13,0.03,0.00,0.07,0.00,0.01,0.04,0.02,0.00,0.07,0.00,0.00,0.00,0.08,0.00,0.01,0.01,0.04,0.00,0.00,-0.00,0.09,0.10,0.00,0.00,0.00,0.00,0.08,0.16,-0.00,0.00,0.02,0.02,0.06,0.03,-0.00,0.00,0.00,-0.00,0.20,0.00,0.00,0.06,0.00,0.10
0.00,0.00,0.06,0.02,0.00,0.09,0.00,0.00,0.07,0.04,0.08,0.00,0.13,0.02,0.08,0.00,0.00,0.08,0.01,0.00,0.09,0.00,0.13,0.01,0.00,0.00,0.01,0.03,0.11,0.00,0.07,0.11,0.06,0.06,0.01,0.02,0.00,0.00,0.00,0.09,0.04,0.03,0.00,0.00,0.00,0.00,0.00,0.00,0.00,0.00,0.03,0.00,0.00,0.13,0.08,0.18,0.00,0.00,0.00,0.00,0.00,0.01,0.12,0.00,0.00,0.04,0.01,0.00,0.00,0.06,0.21,0.00,0.05,0.00,0.05,0.12,0.12,0.00,0.13,0.09,0.11,0.00,0.00,0.00,0.12,0.00,0.00,0.07,0.03,0.17,0.00,0.12,0.00,0.00,0.00,0.11,0.05,0.00,0.07,0.10,0.00,0.01,0.00,0.05,0.13,0.04,0.00,0.08,0.13,0.00,0.09,0.02,0.04,0.25,0.12,0.01,0.00,0.00,0.00,0.02,0.00,0.00,-0.00,0.00,0.00,0.11,0.00,0.10,0.01,0.08,0.09,0.00,0.11,-0.00,0.00,0.00,0.00,0.00,0.00,0.00,0.06,0.00,0.00,0.00,0.00,0.00,0.07,0.00,0.05,0.00,0.12,0.00,0.00,0.00,0.00,0.01,0.00,0.18,0.03,0.10,0.00,0.00,0.02,0.00,0.00,0.00,0.05,0.05,0.01,0.00,0.00,0.13,0.00,0.04,0.04,0.04,0.00,0.01,0.03,0.06,0.00,0.00,0.00,0.07,0.04,0.05,0.03,0.00,0.04,0.09,0.11,0.06,0.06,-0.00,0.00,0.05,0.09,0.00,0.15,0.00
0.77,0.73,0.00,0.00,0.00,0.00,0.00,0.03,0.00,0.00,0.00,0.05,0.55,0.00,0.00,0.00,0.00,0.08,0.00,0.02,0.01,0.00,0.58,0.05,0.00,0.00,0.14,0.01,0.00,0.00,0.05,0.10,0.00,0.56,0.00,0.76,0.78,0.00,0.00,0.10,0.00,0.58,0.00,0.00,0.10,0.69,0.00,0.83,0.74,0.00,0.05,0.00,0.67,0.00,0.00,0.01,-0.00,0.00,0.71,0.00,0.00,0.71,0.83,0.04,0.00,0.70,0.13,0.00,0.00,0.00,0.02,0.52,0.05,0.05,0.71,0.71,0.59,0.61,0.00,0.00,0.00,0.65,0.11,0.13,0.12,0.00,0.61,0.00,0.07,0.00,0.00,0.00,0.00,0.04,0.00,0.05,0.04,0.00,-0.00,0.69,0.73,0.03,0.04,0.00,0.20,0.00,0.65,0.76,0.02,0.01,0.00,0.00,0.61,0.64,0.00,-0.00,0.00,0.14,0.00,0.00,0.10,0.70,0.00,0.76,0.00,0.03,0.13,0.02,0.65,-0.00,0.74,0.05,0.61,0.13,0.08,0.00,0.00,0.00,0.00,0.00,0.00,0.04,0.06,0.04,0.00,0.02,-0.00,0.00,0.63,0.09,0.00,0.00,0.08,0.10,0.00,0.02,0.00,0.63,0.00,0.04,0.05,0.72,0.65,0.00,0.01,0.09,0.02,0.05,0.04,0.70,0.00,0.00,0.08,0.00,0.65,0.00,0.01,0.04,0.00,0.00,0.00,0.00,0.10,0.05,0.04,0.00,0.69,0.02,0.00,0.82,0.00,0.00,0.10,0.03,0.00,0.04,0.00,0.10,0.04,0.00
0.00,0.06,0.50,0.61,0.52,0.57,0.55,0.53,0.07,0.00,0.00,0.07,0.00,0.41,0.00,0.63,0.02,0.06,1.16,0.08,0.05,0.55,0.61,0.57,0.04,0.44,0.55,0.00,1.17,0.00,0.00,0.55,0.00,0.10,0.74,0.56,0.56,0.56,0.04,0.00,0.59,0.00,0.50,0.61,0.05,1.10,0.04,0.00,0.59,0.53,0.04,0.74,0.55,0.54,0.04,0.59,0.00,0.05,0.09,0.00,0.02,0.08,0.50,0.60,0.49,0.63,0.09,0.69,0.00,0.06,0.00,0.54,0.56,0.52,0.63,0.01,0.08,0.12,0.00,0.04,0.02,0.47,0.00,0.52,0.00,0.00,0.00,0.00,0.01,0.00,0.00,0.00,0.12,0.18,0.04,0.53,0.04,0.57,0.60,0.54,0.00,0.02,0.70,0.02,1.01,0.01,0.04,0.12,0.09,0.00,0.00,0.61,0.00,0.06,0.06,0.03,0.00,0.48,0.02,0.02,0.49,0.00,0.09,0.50,0.01,0.49,0.09,0.73,0.00,0.12,0.00,0.44,0.38,0.54,0.00,0.00,0.14,0.00,0.44,0.00,0.52,0.00,0.00,0.40,0.00,0.01,0.00,0.02,0.00,0.02,0.00,0.00,0.55,0.06,0.02,0.07,0.00,0.44,0.00,0.00,1.05,0.07,0.63,0.00,0.00,0.00,0.00,0.59,0.00,1.14,0.03,0.62,0.01,0.00,0.40,0.09,0.05,0.00,0.00,0.04,0.00,0.03,0.05,0.42,0.03,0.00,0.00,0.08,0.02,0.05,0.06,0.42,0.10,0.00,0.09,0.04,0.01,0.04,0.00,0.01
-0.00,0.15,0.04,0.00,0.00,0.00,0.00,0.00,0.00,0.10,0.04,0.13,0.04,0.05,0.00,0.00,0.04,0.02,0.03,0.00,0.03,0.00,0.01,0.00,0.08,0.00,0.00,0.08,0.06,0.00,0.00,0.04,0.05,0.02,0.00,0.15,0.04,0.07,0.00,0.08,0.03,0.00,0.00,0.02,0.00,0.00,0.00,0.00,0.00,0.11,0.00,0.00,0.06,0.02,0.04,0.00,0.00,0.00,0.04,0.00,0.02,-0.00,0.13,0.03,0.00,0.00,0.00,0.23,0.03,0.00,0.05,0.00,0.00,0.00,0.00,0.00,0.00,0.04,0.08,0.01,0.00,0.07,-0.00,0.05,0.05,0.09,0.00,0.00,0.00,0.00,0.02,-0.00,0.07,0.07,0.00,0.05,0.04,0.07,0.00,0.05,0.00,0.06,0.02,0.04,0.00,0.07,0.09,0.00,0.07,0.10,0.03,0.09,0.00,0.02,0.00,0.12,0.00,0.02,0.00,0.05,0.00,0.06,0.09,0.04,0.08,0.04,0.05,0.06,0.00,0.10,0.04,0.08,0.02,0.05,0.00,0.07,0.00,0.06,0.04,0.00,0.00,0.00,0.03,0.00,0.00,0.00,0.00,0.00,0.05,0.00,0.08,0.00,-0.00,0.00,0.15,0.08,0.06,0.00,0.00,0.05,0.00,0.16,0.00,0.02,0.03,0.00,0.05,0.02,0.08,0.06,0.10,0.09,0.05,0.00,0.00,0.00,0.04,0.00,0.00,0.00,0.02,0.01,0.04,0.00,0.00,0.10,0.01,0.03,0.00,0.04,0.00,0.04,0.14,0.02,0.02,0.00,0.02,0.00,0.00,0.10
0.57,0.66,0.05,0.10,0.00,0.05,0.02,0.05,0.10,0.00,0.00,0.13,0.70,0.06,0.00,0.05,0.09,0.09,0.00,0.00,0.03,0.00,0.78,0.10,0.07,0.08,0.00,0.09,0.01,0.08,0.05,0.00,0.04,0.56,0.00,0.71,0.62,0.00,0.08,0.04,0.00,0.71,0.09,0.03,0.05,0.60,0.00,0.78,0.72,0.09,0.00,0.00,0.76,0.00,0.00,0.00,0.10,0.00,0.75,0.00,0.10,0.78,0.68,0.00,0.06,0.63,0.01,0.06,0.01,0.00,0.03,0.66,0.00,0.00,0.63,0.79,0.70,0.74,0.04,0.03,0.00,0.80,0.02,0.00,0.00,0.00,0.61,0.10,0.00,0.01,0.00,0.00,0.05,0.04,0.01,0.00,0.00,0.00,0.00,0.87,0.65,0.00,0.04,0.00,0.10,0.00,0.73,0.68,0.02,0.00,-0.00,0.00,0.68,0.71,0.00,0.06,0.00,0.00,0.03,0.08,0.02,0.63,0.03,0.51,0.03,0.12,0.00,0.00,0.59,0.00,0.77,0.11,0.81,0.04,0.09,0.04,0.04,0.00,0.09,0.04,0.00,0.00,0.00,0.05,0.00,0.03,0.05,0.00,0.70,0.14,0.00,0.00,0.01,0.05,0.06,0.00,0.10,0.55,0.00,0.02,0.00,0.72,0.71,0.00,0.00,0.00,0.07,0.00,0.08,0.77,0.00,0.00,0.00,0.00,0.80,0.04,0.01,0.12,0.19,0.00,0.00,0.00,0.03,0.04,0.00,0.00,0.76,0.00,0.05,0.72,0.00,0.00,0.00,0.07,0.00,0.01,0.00,0.00,0.00,0.04
0.00,0.00,0.05,0.11,0.08,0.00,0.00,0.00,0.00,0.00,0.00,0.00,0.00,0.03,0.00,0.00,0.02,0.00,0.00,0.00,0.09,0.04,0.08,0.00,0.05,0.00,0.03,0.00,0.01,0.06,0.05,0.00,0.00,0.04,0.04,0.00,0.00,0.00,0.00,0.05,0.01,0.02,0.05,0.11,0.00,0.00,0.00,0.01,0.00,0.00,0.04,0.00,0.05,0.00,0.03,0.00,0.06,0.02,0.00,0.00,0.00,0.09,0.00,0.04,0.13,0.02,0.00,0.08,0.00,0.00,0.02,0.03,0.02,0.00,0.00,0.00,0.14,0.00,0.02,0.00,0.12,0.06,0.00,0.00,0.00,0.02,0.00,0.00,0.05,0.00,0.00,0.00,0.00,0.00,0.11,0.10,0.03,0.17,0.00,0.15,0.01,0.00,0.00,0.02,0.00,0.05,0.00,0.07,0.00,0.01,0.05,0.01,0.00,0.00,0.00,0.02,0.00,0.02,0.07,0.00,0.08,0.02,0.00,0.10,-0.00,0.04,0.06,0.02,0.12,0.00,0.08,0.00,0.01,0.04,0.10,0.06,0.06,0.00,0.09,0.00,0.09,0.03,0.08,0.00,0.00,0.00,0.00,0.07,0.10,0.01,0.11,0.00,0.03,0.00,0.00,0.07,0.23,0.01,0.08,0.09,0.00,0.06,0.11,0.00,0.00,0.00,0.00,0.00,0.10,0.08,0.04,0.00,0.09,0.03,0.01,0.00,0.00,0.00,0.00,0.00,0.14,0.00,0.10,-0.00,0.10,0.00,0.00,0.00,0.00,0.00,0.00,0.00,0.05,0.00,0.00,0.00,0.00,0.00,0.10,0.00
0.07,0.00,0.07,0.00,0.15,0.13,0.06,-0.00,0.02,0.03,0.00,0.00,0.07,0.00,0.00,0.00,0.07,0.00,0.00,0.00,0.00,0.02,0.00,0.08,0.02,0.00,0.25,0.00,0.00,0.00,0.00,-0.00,0.02,0.00,0.11,0.13,0.04,0.00,0.06,0.06,0.00,0.04,0.00,0.06,0.00,0.00,0.03,0.05,0.06,0.11,0.00,0.00,-0.00,0.00,0.00,0.00,0.02,0.04,-0.00,0.00,0.08,0.00,0.00,0.00,0.05,0.00,0.00,0.00,0.00,0.10,0.00,0.00,0.00,0.00,0.11,0.12,0.03,0.01,0.01,0.00,0.00,0.06,0.02,0.04,0.02,0.00,0.00,0.00,0.16,0.00,0.07,0.00,0.10,0.00,0.04,0.00,0.00,0.06,0.00,0.06,0.15,0.03,0.00,0.08,0.00,0.03,0.05,0.01,0.14,0.09,0.03,0.00,0.01,0.00,0.02,0.05,0.00,0.10,0.02,0.03,0.06,0.00,0.00,0.00,0.01,0.00,0.01,0.00,0.08,0.00,0.01,0.00,0.00,0.00,0.02,0.00,-0.00,0.00,0.00,0.03,0.03,0.10,0.00,0.14,0.02,0.00,0.00,0.00,0.00,0.00,0.05,0.06,0.00,0.10,0.07,0.00,0.00,0.00,0.00,0.07,0.09,0.00,0.03,0.00,0.07,0.04,0.00,0.00,0.18,0.00,0.00,0.12,0.03,0.10,0.07,0.00,0.00,-0.00,0.03,0.00,0.00,0.00,0.00,0.00,0.00,0.00,0.03,0.00,0.06,0.00,0.19,0.00,0.09,0.00,0.02,0.00,0.19,0.07,0.00,0.09
0.00,0.00,0.56,0.49,0.00,0.00,0.55,0.00,0.00,0.14,0.08,0.00,0.01,-0.00,0.00,0.60,0.00,0.13,0.54,0.00,0.00,0.48,0.65,0.50,0.00,0.67,0.03,0.02,0.53,0.03,0.02,0.00,0.00,0.04,0.57,0.04,0.44,0.15,0.00,0.03,0.63,0.00,0.05,0.07,0.00,0.58,0.07,0.00,0.00,0.59,0.00,0.60,0.00,0.00,0.19,0.64,0.06,0.07,0.07,0.02,0.03,0.15,0.60,0.48,0.02,0.00,0.00,0.66,0.03,0.02,0.00,0.10,0.62,0.55,0.55,-0.00,0.00,0.00,0.00,0.00,0.00,0.43,0.12,0.60,0.00,0.00,0.00,0.08,0.00,0.00,0.00,0.00,0.06,0.02,-0.00,0.00,0.00,0.00,0.00,0.00,0.00,0.00,0.59,0.00,0.47,0.18,0.00,0.00,0.00,0.00,0.00,0.57,0.14,0.05,0.00,0.01,0.00,0.13,0.07,0.06,0.49,0.00,0.10,0.70,0.12,0.59,0.00,0.51,0.00,0.05,0.10,0.07,0.07,0.62,0.00,0.00,0.00,0.06,0.00,0.00,0.58,0.03,0.00,0.13,0.00,0.13,0.12,0.07,0.01,0.00,0.04,0.00,0.00,0.01,0.00,0.04,0.00,0.00,0.03,0.06,0.66,0.07,0.62,0.01,0.02,0.00,0.00,0.60,0.07,0.44,0.11,0.59,0.07,0.00,0.01,0.02,0.05,0.02,0.03,0.00,0.11,0.00,0.00,0.53,0.09,0.00,0.00,0.00,0.05,0.00,0.00,0.70,0.00,0.00,0.11,0.06,0.00,0.04,0.08,0.00
0.00,0.01,0.59,0.57,-0.00,0.10,0.42,0.00,0.03,0.00,0.00,0.04,0.06,0.12,0.00,0.55,0.00,0.02,0.64,0.00,0.03,0.56,0.46,0.62,0.00,0.56,0.04,0.00,0.71,0.00,0.07,0.01,0.00,0.11,0.39,0.00,0.41,0.06,0.00,0.02,0.55,0.00,0.00,0.00,0.00,0.60,0.09,0.08,0.03,0.51,0.00,0.60,-0.00,0.02,0.05,0.67,0.09,0.03,0.00,0.00,0.02,0.06,0.49,0.63,0.00,0.00,0.00,0.51,0.00,0.00,0.03,0.02,0.52,0.63,0.58,0.09,0.01,0.16,0.01,0.09,0.01,0.73,0.04,0.60,0.09,0.00,0.01,0.02,0.00,0.04,0.00,0.00,0.01,0.00,0.00,0.00,0.00,0.00,0.06,0.00,0.00,0.05,0.51,-0.00,0.46,-0.00,0.00,0.01,0.00,0.00,0.00,0.66,0.00,0.00,0.05,0.00,0.00,0.00,0.00,0.00,0.63,0.00,0.10,0.45,0.01,0.65,0.00,0.59,0.00,0.00,0.08,0.01,0.00,0.52,0.00,0.00,0.00,0.00,0.00,0.03,0.43,0.05,0.05,0.12,0.00,0.14,0.00,0.06,0.15,0.06,0.00,0.09,0.00,0.01,0.02,0.00,0.00,0.01,0.09,0.05,0.55,0.02,0.64,0.00,0.08,0.03,0.02,0.47,0.00,0.54,0.07,0.44,0.00,0.00,0.00,0.00,0.00,0.08,0.02,0.00,0.01,0.14,0.00,0.52,0.05,0.00,0.00,0.10,0.04,0.16,0.00,0.53,0.07,0.00,0.00,0.00,0.04,0.00,0.01,0.10
0.04,0.00,0.09,0.00,0.00,0.00,0.02,0.02,0.00,0.10,0.09,0.05,0.09,0.16,0.06,0.00,0.00,0.00,0.00,0.00,0.00,0.01,0.01,0.00,0.00,-0.00,0.00,0.00,0.00,0.02,0.07,0.00,0.14,0.06,0.00,0.16,0.00,0.05,0.00,0.00,0.21,0.01,0.01,0.04,0.00,0.00,0.00,0.00,0.08,0.03,0.00,0.03,0.06,0.00,0.08,0.00,0.02,0.00,0.00,0.10,0.00,0.01,0.03,-0.00,0.03,0.00,0.02,0.10,0.09,0.15,0.00,0.04,0.02,0.00,0.03,0.00,0.02,0.12,0.00,0.00,-0.00,0.01,0.00,0.00,0.06,0.00,0.10,0.00,0.00,0.00,0.00,0.00,0.00,0.00,0.06,0.00,0.02,0.05,0.08,0.13,0.09,0.01,0.00,0.00,0.05,0.00,0.09,0.00,0.00,0.00,0.03,0.03,0.02,0.00,0.00,0.15,0.00,0.00,0.04,0.00,0.05,0.00,0.00,0.00,0.10,0.00,0.00,0.00,0.05,0.03,0.00,0.00,0.08,0.00,0.00,0.01,0.12,0.00,0.09,0.00,0.00,0.00,0.02,0.06,0.00,0.12,0.00,0.01,0.00,0.00,0.12,0.04,0.02,0.00,0.00,0.14,0.06,0.00,0.06,0.03,0.00,0.00,0.06,0.00,0.01,0.00,0.00,0.00,0.00,0.04,0.02,0.08,0.00,0.00,0.04,0.00,0.10,0.00,0.00,0.10,0.09,0.00,0.02,0.00,0.00,0.00,0.00,0.00,0.00,0.04,0.02,0.00,0.07,0.00,0.00,0.00,0.02,0.00,0.00,0.02
0.04,0.01,0.00,0.00,0.31,0.49,0.03,0.60,0.00,0.00,0.01,0.00,0.00,0.54,0.00,0.00,0.03,0.00,0.69,0.07,0.11,0.05,0.02,0.11,0.02,0.04,0.54,0.01,0.41,0.00,0.06,0.47,0.05,0.06,0.04,0.55,0.04,0.64,0.00,0.00,0.00,0.00,0.60,0.50,0.00,0.58,0.03,0.00,0.42,0.00,0.00,0.09,0.57,0.60,0.09,0.00,0.00,0.00,-0.00,0.00,0.00,0.00,0.01,0.00,0.64,0.55,0.00,0.04,0.05,0.01,0.02,0.44,0.06,0.00,0.03,0.00,0.05,0.01,0.00,0.00,0.00,0.02,0.01,0.00,0.08,0.11,0.00,0.00,0.00,0.00,0.04,0.03,-0.00,0.00,0.05,0.50,0.04,0.37,0.45,0.54,0.06,0.00,0.00,0.06,0.49,0.21,0.00,0.00,0.00,0.10,0.04,0.00,0.03,0.01,-0.00,0.02,0.00,0.54,0.00,0.00,0.04,0.00,0.00,0.20,0.00,0.00,0.00,0.05,0.04,0.00,0.00,0.55,0.48,0.00,0.04,0.14,0.03,0.05,0.47,0.19,0.06,-0.00,0.00,0.41,0.00,0.10,0.00,0.04,0.02,0.09,0.00,0.00,0.43,0.00,0.10,0.11,0.02,0.47,0.00,0.00,0.36,0.01,0.00,0.01,0.06,0.00,0.00,0.00,0.16,0.58,0.00,0.07,0.00,0.00,0.68,0.02,0.00,0.07,0.00,0.00,0.17,0.05,0.13,0.07,0.05,0.00,0.07,0.00,0.00,0.05,-0.00,0.09,0.00,0.00,0.00,0.09,0.00,0.01,0.00,0.04
0.00,0.00,0.48,0.57,0.00,0.11,0.48,0.00,-0.00,0.09,0.07,0.00,0.07,0.07,0.00,0.54,0.00,0.15,0.39,0.05,-0.00,0.43,0.53,0.52,0.05,0.61,0.02,0.00,0.63,0.05,0.04,0.00,0.01,0.11,0.54,0.02,0.60,0.02,0.00,0.00,0.55,0.14,0.08,0.00,0.08,0.61,0.00,0.00,-0.00,0.51,0.03,0.40,0.02,0.00,0.00,0.68,0.00,0.09,0.01,0.06,0.00,0.00,0.63,0.61,0.00,0.00,0.06,0.54,0.00,0.10,0.00,0.04,0.44,0.56,0.53,0.00,0.09,0.13,0.10,0.13,0.01,0.56,0.00,0.65,0.03,-0.00,0.06,0.01,0.06,0.12,0.00,0.00,0.13,0.00,0.26,-0.00,0.00,-0.00,0.00,0.04,0.00,0.06,0.45,0.14,0.60,0.00,-0.00,0.01,0.00,0.08,0.02,0.58,0.00,0.03,0.00,0.00,0.03,0.03,0.11,0.08,0.59,0.00,0.00,0.55,0.00,0.56,0.00,0.57,0.00,0.15,0.00,0.03,0.01,0.59,0.10,0.08,0.00,0.00,0.02,0.10,0.72,0.00,0.10,0.00,0.06,0.06,0.00,0.12,0.07,0.00,0.00,0.00,0.00,0.00,0.09,0.00,0.00,0.00,0.00,-0.00,0.53,-0.00,0.54,0.00,0.06,0.00,0.00,0.54,0.00,0.53,0.12,0.62,0.00,0.00,0.00,0.00,0.08,0.00,0.17,0.06,0.00,0.00,0.00,0.55,0.04,0.00,0.00,0.06,0.08,0.08,0.11,0.60,0.03,0.02,0.00,0.02,0.00,0.00,0.00,0.13
0.00,0.00,0.00,0.00,0.00,0.16,0.00,0.00,0.00,0.00,0.00,0.07,-0.00,0.16,0.01,0.00,0.00,0.05,0.00,0.07,0.04,0.00,0.10,-0.00,0.00,0.08,0.01,0.03,0.05,0.14,0.03,0.00,0.00,0.07,0.02,0.06,0.00,0.00,0.00,0.00,0.05,0.03,0.00,0.03,0.00,0.00,0.02,0.00,0.04,0.04,0.01,0.00,0.02,0.00,0.10,0.00,0.01,0.12,0.00,0.09,0.04,0.00,0.00,0.00,0.00,0.05,0.00,0.13,0.06,0.07,0.02,0.00,0.04,0.02,0.04,0.01,0.01,0.01,0.14,0.00,0.10,0.13,0.03,0.00,0.03,0.06,0.00,0.00,0.07,0.00,0.06,0.00,0.02,0.00,0.00,0.05,0.09,0.03,0.00,0.13,0.19,0.03,0.02,0.05,0.00,0.03,0.00,0.03,0.11,0.00,0.00,0.03,0.00,0.00,0.09,0.00,0.05,0.01,0.00,-0.00,0.00,0.00,0.00,0.00,0.00,0.05,0.04,0.01,0.03,0.02,0.07,0.10,0.00,0.01,0.01,0.00,0.03,0.11,0.00,0.10,0.01,0.00,0.00,0.02,0.00,0.14,0.01,0.00,0.00,0.00,0.00,0.00,0.08,0.00,0.00,0.00,0.00,0.00,0.00,0.01,0.00,0.13,0.01,0.00,0.00,0.00,0.00,0.01,0.05,0.00,0.06,0.00,0.06,0.00,0.00,0.00,0.00,0.01,-0.00,0.08,0.03,0.00,0.00,0.00,0.00,0.01,0.08,0.00,0.16,-0.00,0.10,0.06,0.00,0.03,0.03,0.07,0.00,0.00,0.00,-0.00
0.00,0.11,0.02,0.00,0.00,0.04,0.00,0.09,0.00,0.00,0.05,0.00,0.17,0.00,0.00,0.19,0.00,0.04,0.00,0.00,0.02,0.03,0.12,0.06,0.05,0.00,0.00,0.00,0.00,0.00,0.00,0.00,0.07,0.00,0.00,0.04,0.09,0.03,0.10,0.06,0.12,0.02,0.00,0.10,0.00,0.00,-0.00,0.00,0.08,0.00,0.00,0.00,0.04,0.00,0.00,0.00,0.00,0.02,0.00,0.00,0.03,0.15,0.00,0.00,-0.00,0.11,0.00,0.08,0.02,0.00,0.00,0.08,0.04,0.00,0.00,0.12,0.00,0.00,0.07,0.06,0.00,0.02,0.04,0.02,0.00,0.00,0.00,0.00,0.00,0.00,0.00,0.03,0.10,0.07,0.06,0.06,0.10,0.00,0.10,0.10,-0.00,-0.00,0.00,0.00,0.01,0.00,0.07,0.03,0.01,0.00,0.10,0.13,0.00,0.00,0.14,0.13,0.09,0.12,0.00,0.00,0.11,0.00,0.03,0.00,0.00,0.00,0.00,0.00,0.08,0.04,0.10,0.00,0.08,0.00,0.00,0.04,0.04,0.00,0.00,0.08,-0.00,0.05,0.11,0.00,0.09,0.00,0.00,-0.00,0.03,0.06,0.00,0.09,0.00,0.00,0.07,0.01,0.01,0.00,0.07,0.04,0.02,0.00,0.01,0.00,0.04,0.00,0.09,0.11,0.00,0.04,0.01,0.00,0.02,0.05,0.00,0.00,0.00,0.01,0.00,0.00,0.07,0.07,0.04,0.06,0.00,0.00,0.00,0.02,0.00,0.00,0.07,-0.00,0.05,0.00,0.00,0.00,0.05,0.00,0.00,0.00
0.00,0.00,0.08,-0.00,-0.00,0.00,0.11,0.06,0.00,0.00,0.00,0.09,0.01,0.00,0.00,0.14,0.02,0.00,0.00,0.00,0.00,0.00,0.00,0.08,0.00,0.07,0.07,0.03,0.05,0.02,0.09,0.01,0.04,0.03,0.00,0.02,0.14,0.00,0.01,0.00,0.00,0.00,0.00,0.10,0.00,0.00,0.10,0.04,0.11,0.02,0.02,0.00,0.09,0.11,0.01,0.08,0.14,0.00,-0.00,0.05,0.15,0.00,0.01,0.01,0.00,0.00,0.00,0.00,0.00,0.00,0.08,0.00,0.00,0.04,0.03,0.07,0.00,0.00,0.00,0.02,0.02,0.00,0.00,0.05,0.00,0.00,0.00,0.00,0.01,0.00,0.04,0.11,-0.00,0.02,0.03,0.00,0.00,0.00,0.08,0.04,0.02,0.01,0.09,0.00,0.00,0.13,0.14,0.00,0.00,0.05,0.11,0.00,0.00,0.00,0.00,0.05,0.16,0.04,0.05,0.00,0.00,0.06,0.03,0.00,0.00,0.00,0.00,0.03,0.00,0.00,0.08,0.05,0.00,0.02,0.00,0.06,0.07,0.00,0.07,0.00,0.15,0.07,0.04,0.00,0.04,0.00,0.03,0.05,0.00,0.10,0.15,0.00,0.00,0.02,0.14,0.05,0.10,0.00,0.16,0.00,0.02,0.07,0.00,0.10,0.08,0.01,0.05,0.01,0.00,0.00,0.06,0.00,0.01,0.06,0.00,0.00,0.00,0.06,0.00,0.00,0.00,0.00,0.01,0.00,0.00,0.00,0.00,0.00,0.20,0.04,0.00,0.00,0.00,0.04,0.04,0.00,0.01,0.05,0.00,0.02
0.69,0.60,0.06,0.09,0.00,0.04,0.05,0.07,0.00,0.00,0.01,0.00,0.69,0.00,0.03,-0.00,0.08,0.07,0.00,0.00,0.11,0.20,0.74,0.00,0.00,0.00,0.00,0.09,0.00,0.00,0.03,0.03,0.01,0.58,0.00,0.62,0.77,0.00,0.12,0.00,0.00,0.56,0.04,0.01,0.00,0.51,0.00,0.78,0.70,0.06,0.11,0.07,0.67,-0.00,0.06,0.04,0.00,0.00,0.81,0.10,0.00,0.72,0.83,0.01,0.00,0.74,0.15,0.00,0.00,0.04,0.00,0.64,0.00,0.01,0.68,0.67,0.63,0.69,0.02,0.00,0.00,0.67,0.00,0.00,0.01,0.00,0.60,0.10,0.00,0.00,-0.00,0.00,0.00,0.01,0.02,0.03,0.14,0.00,0.04,0.73,0.62,0.00,0.00,0.06,0.00,0.00,0.76,0.62,0.10,0.05,0.00,0.02,0.63,0.77,0.12,0.00,0.10,0.00,0.00,0.07,0.08,0.71,-0.00,0.69,0.00,0.03,0.03,0.01,0.58,0.03,0.63,0.05,0.90,0.00,0.01,-0.00,-0.00,0.04,0.01,0.06,0.06,0.02,0.05,0.00,0.10,0.00,0.00,0.00,0.74,0.00,0.00,0.00,0.00,0.00,0.15,0.00,0.00,0.60,0.12,0.00,0.00,0.65,0.69,0.00,0.00,0.00,0.00,0.00,0.00,0.61,0.05,0.13,0.04,0.00,0.69,-0.00,0.05,0.04,0.01,0.00,0.00,0.01,0.00,0.06,0.06,0.04,0.68,0.00,0.00,0.66,0.01,0.00,0.04,0.15,0.00,0.01,0.00,0.00,0.08,0.04
0.01,0.00,0.01,0.00,0.46,0.47,0.00,0.57,0.00,-0.00,0.00,0.06,0.00,0.49,0.07,0.00,0.03,0.07,0.46,0.04,0.00,0.01,0.07,0.00,0.00,0.04,0.49,0.03,0.54,-0.00,0.08,0.55,0.00,0.00,0.00,0.53,0.03,0.54,0.10,0.06,0.00,0.00,0.64,0.47,0.00,0.61,0.08,0.04,0.27,0.00,0.00,0.00,0.57,0.54,0.09,0.05,0.02,0.00,0.04,0.00,0.09,0.02,0.05,0.00,0.58,0.54,0.01,0.18,0.00,0.03,0.00,0.56,0.03,0.00,0.14,0.00,0.01,0.00,0.00,0.01,0.18,0.00,0.06,0.00,0.00,0.00,0.09,0.00,0.00,0.00,0.00,0.06,0.01,0.10,0.01,0.47,0.07,0.49,0.55,0.51,0.08,0.00,0.05,0.03,0.66,0.02,0.03,0.00,0.00,0.00,0.09,0.00,0.00,0.00,0.00,0.09,0.00,0.56,0.10,-0.00,0.00,0.00,0.00,-0.00,0.00,0.00,0.00,0.07,0.00,0.12,0.01,0.61,0.56,0.12,0.00,0.00,0.07,0.10,0.65,0.00,0.00,0.02,0.00,0.60,0.09,0.00,0.10,0.00,0.00,0.00,0.01,0.00,0.40,0.00,0.05,0.00,0.00,0.55,0.00,0.00,0.50,0.02,0.00,0.03,0.03,0.00,0.00,0.00,0.00,0.51,0.00,0.00,0.00,0.00,0.55,0.06,0.00,0.00,0.00,0.00,0.00,0.03,0.11,0.00,0.00,0.08,0.08,0.00,0.05,0.00,0.03,0.05,0.03,0.00,0.00,0.00,0.00,0.08,0.08,0.00
0.08,0.15,0.08,0.00,0.02,0.03,0.00,0.00,0.07,0.00,0.04,0.08,0.00,0.00,0.00,0.00,0.02,0.01,0.00,0.00,-0.00,0.10,0.11,0.07,0.00,0.05,0.00,0.13,0.00,0.04,0.00,0.07,0.01,0.07,0.00,0.00,0.00,0.00,0.01,0.14,0.00,0.07,0.00,0.07,0.00,0.00,0.02,0.15,0.00,0.00,0.06,0.04,0.00,0.03,0.01,0.14,-0.00,0.16,0.12,0.00,0.04,0.01,0.05,0.00,0.13,-0.00,0.02,0.00,0.00,0.07,0.00,0.11,0.01,0.00,0.00,0.00,0.10,0.00,0.04,0.00,0.01,0.04,0.00,0.06,0.00,0.00,0.03,0.17,0.05,0.06,0.00,0.00,0.03,0.01,0.00,-0.00,0.00,0.00,0.06,-0.00,0.00,0.03,0.00,0.23,0.07,0.09,0.12,0.00,0.00,0.05,0.01,0.00,0.12,0.00,0.10,0.00,0.00,0.00,-0.00,0.14,0.00,0.00,0.00,0.05,0.00,0.00,0.00,0.00,0.02,0.06,0.04,0.00,0.13,0.00,0.00,0.08,0.09,0.02,0.08,0.03,0.00,0.07,0.10,0.10,0.17,0.23,0.02,0.00,0.00,0.00,0.14,0.00,0.00,0.06,0.18,0.00,0.08,0.20,0.07,0.02,0.07,0.07,0.03,0.00,0.00,0.00,0.13,0.00,0.00,0.00,0.00,0.00,0.04,0.00,0.00,0.07,0.01,0.00,0.00,0.00,0.02,0.10,0.00,0.00,0.00,0.08,0.08,0.18,0.00,0.01,0.02,0.08,0.08,0.00,0.00,0.00,0.08,0.00,0.00,0.00
0.14,-0.00,0.06,0.00,0.10,0.08,0.00,0.06,0.03,0.11,0.00,0.05,0.00,0.00,0.00,0.00,0.02,0.05,0.00,0.00,0.00,0.02,0.00,0.19,0.01,0.00,0.06,0.00,0.02,0.08,0.09,0.10,0.01,0.00,0.00,0.00,0.00,0.03,0.08,0.00,0.03,0.01,0.00,0.00,0.00,0.02,0.01,0.00,-0.00,0.00,0.10,0.10,0.00,0.05,0.00,0.00,0.05,0.01,0.00,-0.00,0.01,0.00,0.11,0.01,0.00,0.00,-0.00,0.00,0.00,0.15,0.06,0.09,0.00,0.10,0.00,0.00,0.05,0.04,0.03,-0.00,0.00,0.09,0.00,0.00,0.02,0.07,0.07,0.00,0.04,0.00,0.01,0.00,0.00,0.00,0.14,0.00,0.00,0.00,0.00,0.09,0.00,0.05,0.01,0.04,0.09,0.00,0.00,-0.00,0.04,0.07,0.00,0.03,0.03,0.00,0.03,0.04,0.13,0.09,0.01,0.00,0.00,0.00,0.00,0.02,0.00,0.00,0.12,0.00,0.01,0.01,0.00,0.00,0.05,0.19,0.15,0.09,0.00,0.05,0.00,0.07,0.00,0.00,0.00,0.00,0.00,0.14,0.00,0.00,0.00,0.07,0.10,0.11,0.00,0.00,0.00,0.14,0.11,0.00,0.11,0.03,0.00,0.05,0.00,0.00,0.09,0.04,0.00,0.05,0.02,0.12,0.06,0.11,0.19,0.11,0.00,0.00,0.06,0.03,0.00,0.00,0.09,0.00,0.11,0.10,0.00,0.00,0.01,0.00,0.01,0.00,0.13,0.12,0.00,0.00,0.03,0.21,0.05,0.00,0.00,0.01
0.00,0.00,0.11,0.00,0.09,0.05,0.05,0.02,0.07,0.00,0.14,0.04,0.04,0.00,0.00,0.00,0.00,0.00,0.00,0.00,0.04,0.05,0.00,0.02,0.04,0.00,-0.00,0.03,-0.00,0.00,0.04,0.14,0.00,0.00,0.04,0.00,0.09,0.00,0.07,0.04,0.00,0.11,0.00,0.00,0.00,0.01,0.08,0.06,0.01,0.02,0.00,0.00,0.00,0.12,0.00,0.00,0.00,0.00,0.00,0.03,0.00,0.16,0.05,0.00,0.00,0.00,-0.00,0.05,0.00,0.03,0.00,-0.00,0.00,0.10,0.03,0.00,0.01,0.01,0.00,0.07,0.01,0.00,0.03,0.00,0.02,0.00,0.00,0.02,0.05,0.00,0.00,0.00,0.00,0.00,0.00,0.00,0.05,0.05,0.16,0.08,0.02,0.00,0.00,0.05,0.08,0.02,0.00,0.06,0.06,0.07,0.00,0.00,0.00,0.00,0.00,0.03,0.00,0.00,0.00,0.00,0.03,0.00,0.00,0.12,0.00,0.01,0.00,0.00,-0.00,0.00,0.01,0.09,0.04,0.00,0.15,0.00,0.00,0.01,0.00,0.02,0.00,0.00,0.11,0.00,0.00,0.04,0.00,-0.00,0.00,0.00,-0.00,0.00,0.08,0.00,0.00,0.06,0.14,0.00,0.00,0.09,0.00,0.00,0.08,0.01,0.10,0.11,0.00,0.00,0.06,0.00,0.02,0.04,0.00,0.00,0.00,0.00,0.00,0.00,0.09,0.00,0.00,0.01,0.03,-0.00,0.00,0.00,0.00,0.00,0.08,0.10,0.09,0.13,0.00,0.03,0.06,0.00,0.00,0.04,0.09,0.02
0.61,0.65,0.08,0.00,0.52,0.49,0.04,0.62,0.00,0.00,0.01,0.00,0.52,0.55,0.00,0.00,0.01,0.00,0.28,0.06,0.15,0.00,0.88,0.00,0.05,0.00,0.51,0.06,0.59,0.00,0.06,0.37,0.05,0.79,0.00,1.21,0.63,0.55,0.00,0.08,0.06,0.75,0.59,0.48,0.00,1.33,0.02,0.69,1.23,0.01,0.00,0.05,1.12,0.57,0.04,0.00,0.00,0.00,0.68,0.09,0.00,0.49,0.70,0.04,0.54,1.19,-0.00,0.09,0.02,0.06,0.00,1.35,0.07,0.01,0.71,0.69,0.75,0.78,-0.00,0.00,0.00,0.69,0.00,0.13,0.13,0.00,0.71,0.00,0.00,0.08,0.04,0.05,0.00,0.00,0.00,0.59,0.01,0.40,0.56,1.21,0.63,0.00,0.00,0.02,0.54,0.01,0.79,0.67,0.00,0.00,0.07,0.00,0.65,0.63,0.00,0.00,0.00,0.47,0.00,0.02,0.00,0.60,0.00,0.69,0.00,0.02,0.00,0.00,0.64,0.00,0.68,0.58,0.97,0.00,0.00,-0.00,0.08,0.00,0.35,0.00,0.15,0.00,0.03,0.53,0.00,0.00,0.04,0.15,0.70,0.15,0.05,0.00,0.57,0.00,0.05,0.00,0.00,1.16,0.00,0.07,0.47,0.65,0.69,0.00,0.09,0.00,0.06,0.04,0.00,1.15,0.00,0.00,0.10,0.17,1.16,0.00,0.01,0.02,0.00,0.07,0.00,0.00,0.04,0.07,0.00,0.03,0.76,0.00,0.00,0.61,0.24,0.03,0.00,0.00,0.02,0.00,0.05,0.00,0.07,0.00
0.04,0.00,0.00,0.00,0.02,0.08,0.08,0.00,0.00,0.00,0.08,0.00,0.04,0.01,0.01,0.00,0.06,0.04,0.06,0.09,0.01,0.04,0.00,0.12,0.06,0.00,0.00,0.00,0.00,0.08,0.09,0.00,0.02,0.00,0.12,0.02,0.00,0.05,0.00,0.02,0.02,0.00,0.00,0.00,0.06,0.02,0.00,0.02,0.00,0.00,0.10,0.00,0.02,0.10,0.00,0.05,0.00,0.00,0.00,0.00,0.01,0.00,0.00,0.00,0.00,0.09,0.03,0.07,0.02,0.07,0.00,-0.00,0.00,0.00,0.13,0.00,0.06,0.00,0.08,0.04,0.07,0.02,0.00,0.04,0.00,0.00,0.01,0.00,-0.00,0.04,0.01,0.00,0.07,0.08,0.00,0.00,0.00,0.01,0.00,0.00,0.01,0.02,0.00,0.05,0.00,0.09,0.12,0.10,0.03,0.00,0.08,0.00,0.00,0.00,0.00,0.00,0.00,0.13,0.03,0.00,0.00,0.00,0.00,0.00,-0.00,0.05,0.00,0.00,0.00,0.08,0.08,0.03,0.13,0.00,0.00,-0.00,0.00,0.02,0.00,0.00,0.00,0.00,0.07,0.05,0.09,0.05,0.00,0.06,0.00,0.08,0.00,-0.00,0.00,0.02,0.00,0.00,0.07,0.07,0.07,0.00,0.05,0.00,0.01,0.00,0.00,0.08,0.00,0.11,0.00,0.00,0.09,0.05,0.02,0.06,0.09,0.00,0.05,0.00,0.04,0.00,0.02,0.00,0.15,0.11,0.00,0.00,0.04,0.00,0.00,0.06,0.00,0.01,0.03,0.02,0.00,0.01,0.02,0.08,0.00,0.07
0.00,0.09,0.02,0.14,0.00,0.00,0.01,0.06,0.08,0.00,0.02,0.00,0.00,0.06,0.02,0.00,0.01,0.00,-0.00,0.03,0.00,0.05,0.00,0.05,0.00,0.00,0.00,0.08,0.12,0.00,0.00,0.08,0.15,0.00,-0.00,0.00,0.05,0.00,0.08,0.02,0.02,0.02,0.00,0.02,0.00,-0.00,0.00,0.00,0.05,0.02,0.00,0.09,0.11,0.01,0.00,0.00,0.00,0.01,0.00,-0.00,0.00,0.00,0.04,0.00,0.14,0.00,0.02,0.00,0.07,0.07,0.06,0.04,0.05,-0.00,0.00,0.00,0.05,0.03,0.00,0.04,0.01,0.00,0.00,0.11,0.00,0.00,0.00,0.00,0.03,0.00,0.03,0.00,0.00,0.05,0.13,0.09,0.00,0.11,0.00,0.02,0.00,0.06,0.12,0.00,0.00,0.00,0.07,0.20,0.07,0.00,0.21,0.03,0.00,0.11,0.00,0.05,-0.00,0.00,0.00,0.00,0.03,0.04,0.00,0.12,0.17,-0.00,0.00,0.03,0.00,0.00,0.08,0.05,0.07,0.05,0.01,0.04,0.00,0.08,0.00,0.00,0.06,0.06,0.01,0.00,0.00,0.06,0.02,0.00,0.09,0.00,0.00,0.02,0.02,0.00,0.04,0.09,0.00,0.06,0.01,0.02,0.00,0.00,0.00,0.01,0.00,0.00,0.00,0.00,0.00,0.00,0.04,0.00,0.00,0.00,0.00,0.04,0.00,0.00,0.00,0.00,0.04,0.08,0.00,0.00,0.08,0.00,0.11,0.00,0.00,0.00,0.00,0.00,0.00,0.00,0.00,0.11,0.03,0.00,0.08,0.03
0.12,0.00,0.00,0.06,0.53,0.64,0.00,0.54,0.00,0.01,0.02,0.00,0.03,0.53,0.02,0.00,0.04,0.00,0.49,0.00,0.00,0.00,0.00,0.00,0.00,0.00,0.58,0.00,0.58,0.00,0.00,0.51,0.00,0.00,0.23,0.45,0.00,0.49,0.00,0.12,0.07,0.00,0.58,0.39,0.06,0.49,0.08,0.12,0.41,0.00,0.04,0.01,0.60,0.45,0.11,0.07,0.00,0.13,0.00,0.00,0.01,0.00,0.04,0.00,0.60,0.45,0.07,0.00,0.00,0.00,0.00,0.50,0.00,0.09,0.00,0.08,0.09,0.11,0.01,0.00,-0.00,0.12,0.05,0.00,0.00,0.01,0.00,0.00,0.00,-0.00,0.06,0.00,0.03,0.00,-0.00,0.51,0.04,0.53,0.42,0.54,0.13,0.12,0.00,0.01,0.38,0.00,0.00,0.13,0.00,0.02,0.00,0.07,0.08,0.00,0.00,0.04,0.01,0.47,0.17,0.04,0.08,0.00,0.09,0.00,-0.00,0.00,0.00,0.00,0.00,0.00,0.13,0.44,0.49,0.15,0.00,0.00,0.00,0.08,0.46,0.07,0.10,0.04,0.00,0.54,0.07,0.00,0.00,0.01,0.00,0.00,0.18,0.01,0.39,0.09,0.00,0.04,0.06,0.45,0.00,0.06,0.61,0.09,0.00,0.00,0.03,0.13,0.00,0.03,0.05,0.52,0.00,0.00,0.00,0.21,0.65,0.00,0.18,0.06,-0.00,0.02,0.00,0.01,0.02,0.00,0.00,0.09,0.00,0.05,0.00,0.03,0.00,0.00,0.05,0.00,0.07,0.00,0.00,0.00,0.05,0.00
0.00,0.00,0.10,0.07,0.02,0.03,0.00,-0.00,0.02,0.00,0.01,0.00,0.10,0.08,0.00,0.02,0.04,0.00,0.05,0.00,0.09,0.04,0.00,0.10,0.05,0.12,0.04,0.00,0.00,0.00,0.02,0.00,0.00,0.03,0.01,0.00,0.05,0.00,0.00,0.12,0.00,0.00,0.00,0.10,0.03,0.06,0.00,0.00,0.00,0.03,0.03,0.00,0.00,0.00,0.00,0.09,0.03,0.09,0.11,0.07,0.00,0.00,0.05,0.00,0.02,0.00,0.00,0.03,0.00,0.00,0.06,0.08,0.00,0.01,0.00,0.00,0.00,0.13,0.03,0.00,0.00,0.00,0.10,0.11,0.15,0.00,0.00,0.11,0.00,0.04,0.04,0.11,0.06,0.00,0.00,0.03,0.04,0.15,0.00,0.07,0.12,0.06,0.01,0.07,0.03,0.12,-0.00,0.09,-0.00,0.00,0.00,0.00,0.00,0.01,0.00,0.03,0.00,0.02,0.00,0.00,0.05,0.00,0.00,0.00,0.07,0.13,0.13,0.00,0.04,0.14,0.00,0.09,0.00,0.00,0.06,0.00,0.07,0.00,0.07,-0.00,0.00,0.00,0.00,0.00,0.11,0.01,0.00,0.04,0.00,0.05,0.00,0.01,0.04,0.03,0.00,0.03,0.14,0.00,0.10,0.00,0.02,0.10,0.00,0.09,0.00,0.00,0.05,0.00,0.05,0.01,0.00,0.00,0.11,0.00,0.00,0.00,0.00,0.21,0.00,0.02,0.00,0.00,-0.00,0.05,-0.00,0.17,0.09,0.00,0.00,0.02,0.00,0.02,0.00,0.00,0.00,0.01,0.00,0.00,0.06,0.02
0.09,0.11,0.00,0.06,0.00,0.05,0.00,-0.00,0.00,0.02,0.00,0.10,0.00,0.01,0.00,0.04,0.02,0.05,0.02,0.00,0.13,0.13,0.09,0.00,0.00,0.21,0.22,0.01,0.05,0.07,0.00,0.00,0.05,0.04,0.00,0.00,0.07,0.06,0.02,0.04,0.00,0.03,0.06,0.00,0.02,0.01,0.00,0.00,0.00,0.07,0.00,0.00,0.00,0.00,0.00,0.00,0.00,0.00,0.00,0.00,0.03,0.10,0.00,0.00,0.08,0.07,0.04,0.06,0.09,-0.00,0.07,0.00,0.00,0.04,0.07,0.00,0.05,0.03,0.05,0.00,0.00,0.00,0.11,0.00,0.02,0.00,0.00,0.00,0.05,0.00,0.01,0.03,0.11,0.22,0.02,0.00,0.06,0.00,0.00,0.05,0.00,0.02,0.00,0.00,-0.00,0.03,0.04,0.00,0.00,0.00,0.05,0.06,0.00,0.00,0.09,0.07,-0.00,0.00,0.07,0.00,0.02,0.00,0.04,0.13,0.17,0.13,0.00,0.02,0.00,0.00,0.08,0.04,0.04,0.01,0.00,0.00,0.18,0.02,0.00,0.05,0.06,0.02,0.03,0.00,0.18,0.00,0.00,0.00,0.00,0.03,0.01,0.01,0.10,0.00,0.02,0.00,0.01,0.00,0.00,0.00,0.00,0.00,0.00,0.00,0.06,0.00,0.15,0.00,0.00,0.06,0.01,0.05,0.00,0.00,0.06,0.06,0.04,0.00,0.00,0.00,0.00,0.04,0.03,0.00,0.15,0.05,0.09,0.05,0.08,0.00,0.06,0.08,0.07,0.00,0.07,0.09,0.00,0.12,0.06,0.00
0.80,0.69,0.18,0.04,0.15,0.00,0.03,0.04,0.00,0.05,0.00,0.04,0.72,0.02,0.13,0.00,0.00,0.10,0.00,0.01,0.05,0.00,0.73,0.00,0.00,0.00,0.00,0.00,0.00,0.00,0.00,0.13,0.08,0.59,0.00,0.66,0.77,0.00,0.00,0.00,0.00,0.65,0.10,0.00,0.00,0.68,0.00,0.58,0.62,0.00,0.10,0.00,0.71,0.00,0.16,0.00,0.00,0.03,0.66,0.01,0.03,0.58,0.77,0.00,0.00,0.71,0.00,0.00,0.00,0.04,0.13,0.62,0.14,0.04,0.69,0.73,0.71,0.72,0.00,0.05,0.00,0.68,0.04,0.00,-0.00,0.00,0.78,0.01,0.09,0.06,0.05,0.00,0.03,0.00,0.08,0.00,0.00,0.00,0.00,0.77,0.79,0.01,0.12,0.00,0.00,0.00,0.64,0.76,0.03,0.03,0.00,0.00,0.70,0.68,0.03,0.09,0.01,0.06,0.07,0.00,0.02,0.60,0.00,0.72,0.07,0.00,0.00,0.00,0.80,0.00,0.62,0.00,0.75,0.00,0.00,0.11,0.01,0.00,0.00,0.00,0.03,0.03,0.08,0.00,0.06,0.04,0.00,0.00,0.78,0.00,0.00,0.00,0.00,0.00,0.03,0.06,0.00,0.60,0.00,0.22,0.00,0.67,0.75,0.00,0.06,0.00,0.00,0.01,0.00,0.69,0.04,0.00,0.01,0.00,0.72,0.00,0.00,0.05,0.00,0.12,0.01,0.05,0.00,0.00,0.00,0.11,0.79,0.00,0.07,0.66,0.00,0.00,0.00,0.00,-0.00,0.03,0.00,0.05,0.12,0.00
0.00,0.04,0.00,0.05,0.11,0.00,0.00,0.03,0.00,0.05,0.07,0.12,0.00,0.00,0.10,0.11,0.09,0.00,0.00,0.00,0.09,0.00,0.00,0.00,0.00,0.03,0.07,0.13,0.00,0.05,0.00,0.09,0.23,0.00,0.00,0.05,0.00,0.00,0.00,0.07,0.05,0.13,0.04,0.06,0.00,0.00,0.00,0.00,0.04,0.00,0.02,0.00,-0.00,0.00,0.06,0.00,0.04,0.00,0.00,0.00,0.07,0.00,0.02,0.05,0.00,0.00,0.00,0.15,0.02,0.07,0.00,0.02,0.00,0.08,0.02,0.07,0.10,-0.00,-0.00,0.02,0.15,-0.00,0.00,0.08,0.00,0.00,0.04,0.00,0.00,0.00,0.11,0.03,-0.00,0.07,0.00,0.12,0.00,0.05,0.11,0.05,0.00,0.11,0.07,0.06,0.00,0.00,0.08,0.00,0.00,0.01,0.00,0.06,0.00,0.07,0.14,0.03,0.02,0.00,0.01,0.00,0.07,0.00,0.01,0.03,0.12,0.00,0.07,0.07,0.02,0.00,0.00,0.02,0.00,0.19,0.00,0.00,0.12,0.00,0.00,0.00,0.01,0.08,0.03,0.00,0.02,0.05,0.01,0.00,-0.00,0.00,0.00,0.13,0.01,0.06,0.17,0.10,0.14,-0.00,0.03,0.08,0.00,0.10,0.00,0.02,0.00,0.00,0.00,0.00,0.02,0.07,0.05,0.05,0.03,0.13,0.08,0.00,0.00,0.05,0.00,0.01,0.00,0.00,0.00,0.02,0.14,0.06,0.07,0.03,0.05,0.00,0.05,0.05,0.08,0.00,0.00,0.00,-0.00,0.04,0.17,0.00
0.00,0.00,0.07,0.00,0.04,0.00,0.08,0.06,0.00,0.00,0.03,0.00,0.08,0.00,0.00,0.00,0.00,0.03,0.02,0.01,0.00,0.08,0.00,0.01,0.00,0.02,0.00,0.04,0.00,0.00,0.00,0.04,0.05,0.03,0.00,0.00,0.01,0.00,0.00,-0.00,0.02,0.00,0.08,0.00,0.02,0.11,0.06,0.00,-0.00,0.03,0.08,0.02,0.09,0.00,0.00,0.05,0.09,0.00,0.00,0.00,0.00,0.04,0.03,0.00,0.00,0.05,0.10,0.02,0.00,0.02,0.00,0.11,0.00,0.10,0.04,0.04,0.02,0.03,0.07,0.00,0.00,-0.00,0.00,0.05,0.00,0.00,0.00,0.01,0.08,0.03,0.04,0.00,0.00,0.02,0.00,0.08,0.00,0.00,0.06,0.00,0.03,0.10,0.07,0.03,0.00,0.05,0.05,0.00,0.01,0.13,0.10,0.00,0.01,0.00,0.05,0.00,0.00,0.01,0.02,0.00,0.08,0.08,0.00,0.00,0.01,0.02,0.00,0.01,0.07,0.05,0.06,0.00,0.00,0.00,-0.00,0.00,0.00,0.05,0.00,0.00,0.00,0.00,0.02,0.03,0.04,0.01,0.02,0.00,0.11,0.00,0.16,0.02,0.00,0.00,0.01,0.05,0.00,0.01,0.04,0.01,0.17,0.00,0.06,0.03,0.15,0.00,-0.00,0.08,0.05,0.04,0.00,0.00,0.01,0.06,0.00,0.05,0.00,0.00,0.00,0.01,0.10,0.04,0.00,0.00,0.00,0.08,0.02,0.00,0.15,0.00,0.15,0.00,0.05,0.05,0.00,0.02,0.02,0.00,0.00,-0.00
0.00,0.09,0.57,0.66,0.11,0.00,0.49,0.04,0.07,0.09,0.03,0.00,0.06,0.00,0.00,0.54,0.00,0.00,0.55,0.07,0.00,0.49,0.62,0.55,0.00,0.59,-0.00,0.07,0.56,0.06,0.08,0.07,0.04,0.09,0.65,0.00,0.52,0.00,0.04,0.00,0.70,0.07,0.10,0.07,0.11,0.52,0.01,0.00,0.00,0.49,0.02,0.55,0.03,0.00,0.06,0.50,0.00,0.05,0.01,0.01,0.00,0.00,0.49,0.43,0.05,0.00,0.00,0.50,0.00,0.00,-0.00,0.00,0.49,0.60,0.46,0.04,0.15,0.00,0.00,0.00,0.00,0.49,0.00,0.51,0.00,0.13,0.00,0.00,0.20,0.02,0.00,0.00,0.03,0.00,0.00,0.09,0.04,0.05,0.00,0.00,0.00,0.00,0.56,0.06,0.59,0.01,0.05,0.00,0.03,0.00,0.00,0.61,0.00,0.00,0.11,0.04,0.12,0.00,0.14,0.10,0.61,0.00,0.00,0.68,0.02,0.60,0.00,0.58,0.00,0.00,0.00,0.00,-0.00,0.51,0.00,0.00,0.00,0.02,0.00,0.07,0.55,0.13,0.00,0.00,0.01,0.05,0.00,0.02,0.00,0.03,0.00,0.11,0.05,0.00,0.00,0.00,-0.00,0.00,0.00,0.02,0.48,0.06,0.52,0.12,0.00,0.00,0.04,0.43,0.00,0.56,0.00,0.43,0.00,0.01,0.05,0.01,0.00,0.00,0.01,0.05,0.00,0.12,0.00,0.52,0.13,0.00,0.00,0.14,0.02,-0.00,0.02,0.62,0.00,0.00,0.13,0.11,0.07,0.00,0.00,0.00
0.09,0.00,0.56,0.55,0.05,0.05,0.63,0.09,0.02,0.10,0.01,0.00,-0.00,0.04,0.00,0.70,-0.00,0.00,0.52,0.00,0.00,0.70,0.61,0.63,0.02,0.59,0.00,0.11,0.48,0.00,0.00,0.00,0.00,0.00,0.45,0.00,0.61,0.01,0.04,0.06,0.47,0.00,0.00,0.10,0.00,0.59,0.11,0.25,0.01,0.67,-0.00,0.41,0.02,0.09,0.01,0.46,0.00,0.01,0.07,0.00,0.00,0.00,0.67,0.62,0.01,0.13,0.02,0.57,0.00,0.04,0.00,0.06,0.59,0.66,0.46,0.00,-0.00,0.00,0.00,0.00,0.06,0.65,0.01,0.51,0.00,0.12,0.10,0.01,0.00,0.15,0.05,0.00,0.10,0.00,0.04,0.00,0.03,0.00,0.00,0.00,0.00,0.00,0.49,0.15,0.51,0.04,0.00,0.00,0.00,0.00,0.05,0.52,0.00,0.01,0.01,0.06,0.00,0.00,0.00,0.05,0.65,0.00,0.02,0.57,0.00,0.58,0.00,0.50,0.09,0.03,0.22,0.00,0.12,0.63,0.00,0.00,0.00,0.09,-0.00,0.00,0.72,0.04,0.21,0.00,0.03,0.00,0.00,0.00,0.00,0.00,0.06,0.04,0.00,0.00,0.03,0.05,0.00,0.08,0.11,0.08,0.53,0.00,0.54,-0.00,0.00,0.00,0.08,0.56,0.06,0.58,0.07,0.53,0.00,0.00,0.09,0.05,0.06,-0.00,0.00,0.13,0.00,0.00,0.00,0.59,0.01,0.07,0.01,0.00,0.00,0.21,0.19,0.56,0.14,0.00,0.12,0.06,0.08,0.00,0.10,0.03
0.01,0.00,0.00,0.16,0.00,0.00,0.08,0.00,0.00,0.10,0.03,0.00,0.12,0.10,0.05,0.00,0.08,0.02,0.00,0.00,0.04,0.00,0.01,0.00,0.00,0.05,0.08,0.00,0.05,0.03,0.00,0.09,0.08,0.03,0.00,0.07,0.00,0.00,0.02,0.09,0.00,0.00,0.00,0.13,0.00,0.00,0.00,0.00,-0.00,0.10,0.00,0.00,0.05,0.04,0.00,0.01,0.01,0.00,0.00,0.02,0.10,0.00,0.06,0.00,0.00,0.04,0.00,0.06,0.00,0.02,0.12,0.14,0.00,0.02,0.00,0.00,0.00,0.08,0.00,0.00,0.07,0.04,0.00,0.01,0.01,0.00,0.00,0.00,0.05,0.00,0.08,0.00,0.04,0.05,0.00,0.00,0.00,0.12,0.00,0.00,0.00,0.05,0.00,0.00,0.04,0.00,0.00,0.03,0.00,0.05,0.00,0.00,0.01,0.00,0.05,0.00,0.08,0.03,0.07,0.00,0.08,0.01,0.00,0.00,0.00,0.03,0.00,0.00,-0.00,0.03,0.00,0.00,0.05,0.00,0.09,0.02,0.00,0.00,0.02,0.00,0.12,0.07,0.01,0.00,0.00,0.03,0.00,0.00,0.00,0.12,0.00,0.00,0.00,0.02,0.00,0.00,0.00,0.00,0.02,0.10,0.00,0.08,0.00,0.11,0.07,0.08,0.06,0.08,0.00,0.00,0.02,0.08,0.03,-0.00,0.07,-0.00,0.04,0.00,0.00,0.00,0.11,0.00,0.01,0.00,0.05,0.00,0.00,0.00,0.00,0.07,0.03,0.00,0.02,0.01,0.08,0.07,0.02,0.00,0.15,0.00
0.68,0.68,0.05,0.01,0.03,0.00,0.01,0.00,0.00,0.13,0.00,0.00,0.75,0.08,0.00,0.00,0.02,0.03,0.12,0.16,0.04,0.04,0.66,0.01,0.00,0.06,0.06,0.00,0.00,0.09,0.03,0.01,-0.00,0.58,0.00,0.74,0.79,0.00,0.00,0.00,0.03,0.60,0.00,0.00,0.03,0.70,0.07,0.68,0.72,0.02,0.02,0.00,0.82,0.00,0.05,0.00,0.00,0.12,0.61,0.20,0.00,0.71,0.73,0.00,0.01,0.53,0.00,0.00,0.14,0.05,0.00,0.66,0.00,0.00,0.52,0.70,0.81,0.65,0.00,0.04,0.00,0.78,0.01,0.00,0.00,0.00,0.58,0.00,0.00,0.09,0.00,0.00,0.00,0.00,0.00,0.00,0.04,0.04,0.15,0.58,0.68,0.00,0.00,0.00,0.00,0.02,0.84,0.67,0.00,0.00,0.00,0.02,0.73,0.77,0.14,0.06,0.00,0.00,0.01,-0.00,0.00,0.63,0.06,0.67,0.00,0.05,0.00,0.01,0.75,0.01,0.65,0.10,0.69,0.03,0.00,0.17,0.00,0.00,0.21,0.16,0.00,0.00,0.00,-0.00,0.00,0.12,0.00,0.07,0.70,0.04,0.00,0.00,0.00,0.00,0.06,0.05,0.00,0.66,0.00,0.02,0.00,0.82,0.72,0.00,-0.00,0.00,0.00,0.00,0.00,0.67,0.00,0.00,0.04,0.00,0.56,0.00,0.02,0.04,0.00,-0.00,0.00,0.02,0.05,0.00,0.04,0.14,0.72,0.10,0.00,0.63,0.00,0.01,0.00,0.00,0.06,0.00,0.00,0.00,0.00,0.00
0.00,0.01,0.19,0.14,0.00,0.00,0.10,0.06,0.06,0.07,0.00,0.00,0.00,0.10,0.12,0.00,0.07,0.00,0.04,0.06,0.00,0.00,0.00,0.08,0.01,0.00,0.02,0.13,0.09,0.00,0.05,0.06,0.00,0.00,0.03,0.01,-0.00,0.00,0.00,0.08,0.06,0.00,0.00,0.03,0.02,0.09,0.00,0.00,0.00,0.02,0.00,0.00,0.00,0.03,0.01,0.05,0.00,0.03,0.10,0.00,0.06,0.00,0.00,0.00,0.10,0.04,0.00,0.07,0.06,0.04,0.10,0.00,0.04,0.02,0.00,0.00,0.00,0.00,0.00,0.05,0.02,0.07,0.00,0.00,0.04,0.00,0.00,0.00,0.00,0.08,0.00,0.07,0.00,0.14,0.00,0.00,0.05,0.10,0.05,0.04,0.00,0.00,0.02,0.00,0.01,0.00,0.00,0.02,0.01,0.04,0.00,0.06,0.00,0.01,0.12,0.00,0.06,0.06,0.08,0.00,0.05,0.00,0.00,-0.00,0.02,0.06,0.00,0.00,0.03,0.12,0.02,0.13,0.00,0.03,0.01,0.00,0.02,0.00,0.17,0.05,0.00,0.01,0.06,0.00,0.03,0.07,0.00,0.00,0.01,0.00,0.15,0.00,0.00,-0.00,0.00,0.01,0.00,0.11,0.00,0.05,0.09,0.02,0.01,0.13,0.00,0.00,0.00,0.08,0.00,0.00,0.00,0.00,0.00,0.02,0.07,0.14,0.03,0.02,0.01,0.00,0.00,0.03,0.00,0.00,0.00,0.07,0.08,0.00,0.03,0.02,0.01,0.00,0.00,0.00,0.00,0.11,0.05,0.00,0.00,0.07
0.60,0.60,0.07,0.00,0.61,0.54,0.01,0.60,0.00,0.07,0.00,0.13,0.63,0.45,0.00,0.00,0.04,0.01,0.49,0.02,0.06,0.11,0.65,0.10,0.00,0.00,0.45,0.00,0.54,0.00,0.07,0.50,0.00,0.70,0.00,1.13,0.74,0.52,0.04,0.09,0.03,0.60,0.64,0.49,0.01,1.22,0.02,0.79,1.29,0.00,0.00,0.07,1.21,0.55,0.07,0.00,0.14,0.00,0.66,0.00,0.01,0.54,0.93,0.01,0.45,1.11,0.16,0.04,0.13,0.00,0.12,1.07,0.00,0.00,0.69,0.63,0.68,0.62,0.17,0.00,0.00,0.74,0.01,0.00,0.04,0.10,0.63,0.00,0.00,0.09,0.00,0.00,0.00,0.00,-0.00,0.56,0.00,0.49,0.68,1.08,0.73,0.03,0.00,0.00,0.56,0.00,0.64,0.70,0.00,0.00,0.00,0.00,0.72,0.60,0.00,0.07,0.00,0.47,0.00,0.01,0.08,0.70,0.11,0.69,0.02,0.00,0.07,0.09,0.62,0.00,0.77,0.43,1.20,0.00,0.08,-0.00,0.10,0.01,0.45,0.00,0.00,0.02,0.00,0.59,0.04,0.16,0.00,0.08,0.60,0.09,0.04,-0.00,0.57,0.01,0.02,0.08,0.00,1.26,0.01,0.07,0.56,0.72,0.76,0.00,0.00,0.07,0.00,0.00,0.00,1.28,0.00,0.13,0.07,0.17,1.05,0.00,0.00,0.10,0.00,0.05,0.00,0.00,0.00,0.00,0.01,0.00,0.69,0.10,0.00,0.66,0.11,0.08,0.00,0.00,0.00,0.13,0.02,0.05,0.00,0.02
0.02,0.00,0.09,0.00,0.09,0.11,0.01,0.00,0.00,0.00,0.05,0.09,0.00,0.00,0.04,0.09,0.05,0.13,0.08,0.05,0.00,0.02,0.00,0.05,0.01,0.00,0.02,0.00,0.00,0.05,0.00,0.13,0.00,0.11,0.01,0.00,0.00,0.00,0.04,0.00,0.02,0.05,0.04,0.06,-0.00,0.02,0.00,0.00,0.00,0.00,0.03,0.00,0.00,0.00,0.04,0.00,0.00,0.00,0.00,0.00,0.00,0.00,0.16,0.00,0.00,0.00,0.15,0.03,0.01,0.08,0.00,0.04,0.03,0.02,0.00,0.00,0.08,0.00,0.00,0.00,0.19,0.13,0.00,0.00,0.00,0.10,0.11,0.00,0.00,0.03,0.13,0.08,0.12,0.03,0.00,0.00,0.01,0.11,0.00,0.00,0.03,0.00,0.01,0.00,0.01,0.04,0.00,0.10,0.04,0.13,0.00,0.00,0.00,0.17,0.00,0.00,0.07,0.00,0.05,-0.00,0.00,0.00,0.01,0.00,0.00,0.11,0.00,0.00,0.00,0.00,0.04,0.09,0.03,0.04,0.00,0.00,0.00,0.00,0.13,0.20,0.15,0.13,0.00,0.00,-0.00,0.00,0.00,0.06,0.00,0.00,0.00,0.00,0.05,0.00,0.00,0.00,0.00,0.01,0.05,0.00,0.00,0.00,0.07,0.03,0.00,0.00,0.00,0.00,0.00,0.00,0.05,-0.00,0.00,0.00,0.08,-0.00,0.00,0.07,0.09,0.00,0.00,0.12,0.00,0.00,0.03,0.00,0.00,0.00,-0.00,0.05,0.00,0.00,0.00,0.03,0.05,0.00,0.00,0.05,0.05,0.00
0.01,0.00,0.01,0.00,0.00,0.17,0.00,0.04,0.00,0.00,0.06,0.04,0.00,0.01,0.04,0.05,0.00,0.00,0.01,0.01,0.00,0.00,0.12,0.00,0.01,0.00,0.05,0.00,0.00,0.01,0.00,0.00,0.00,0.00,0.00,-0.00,0.00,0.03,0.00,0.10,0.00,0.09,0.00,0.06,0.04,0.00,0.01,0.00,0.00,0.00,0.00,0.04,0.05,0.00,0.00,0.01,0.11,0.00,0.00,0.01,0.00,0.01,0.00,0.00,0.00,0.00,0.00,0.00,0.08,0.00,0.02,0.00,0.00,0.00,0.05,0.00,0.02,0.14,0.06,0.00,0.07,0.03,0.00,0.10,0.00,0.00,0.04,0.06,0.00,0.00,0.00,0.00,0.08,0.00,0.00,0.00,0.12,0.00,0.10,0.00,0.11,0.08,0.05,0.00,0.11,0.00,0.00,0.06,0.00,0.00,0.00,0.00,0.00,0.10,0.07,0.00,0.00,0.00,0.00,0.10,0.00,0.00,0.10,0.00,0.07,0.00,0.08,0.00,0.01,0.06,0.00,0.02,0.00,0.05,0.02,0.01,0.05,0.06,0.11,0.02,0.02,0.00,0.00,0.00,0.00,0.06,0.06,0.08,0.09,0.03,0.07,0.00,0.05,0.00,0.07,0.02,0.05,0.04,0.00,0.00,0.05,0.01,0.00,0.00,0.00,0.00,0.01,0.00,0.00,0.12,0.04,0.00,0.00,0.15,0.00,0.00,0.00,0.10,0.00,0.01,0.00,0.02,0.00,0.12,0.00,0.00,0.04,0.00,0.08,0.00,0.04,0.00,0.00,0.00,0.00,0.04,0.10,0.00,0.18,0.13
0.64,0.76,0.00,0.00,0.00,0.03,0.00,0.04,0.00,0.00,0.00,0.15,0.63,0.04,0.00,0.00,0.00,-0.00,0.00,0.00,0.01,0.00,0.73,-0.00,0.00,0.12,0.10,0.10,0.04,0.00,0.00,0.00,0.07,0.60,0.00,0.70,0.57,0.00,0.01,0.00,0.10,0.71,0.00,0.00,0.00,0.68,0.00,0.52,0.74,0.03,0.05,0.08,0.82,0.08,0.00,0.00,0.10,0.10,0.68,-0.00,0.05,0.61,0.54,0.03,-0.00,0.68,0.07,0.00,0.05,0.02,0.10,0.63,0.00,0.00,0.53,0.66,0.66,0.64,0.03,0.00,0.04,0.77,0.00,0.00,0.00,0.00,0.64,0.00,0.04,0.02,0.21,0.00,0.00,0.00,0.01,0.02,0.10,0.11,0.07,0.62,0.63,0.00,0.00,0.00,0.00,0.03,0.83,0.65,0.00,0.04,0.00,0.00,0.70,0.56,0.02,0.03,0.10,0.00,0.00,0.00,0.00,0.53,0.00,0.65,0.10,0.00,0.00,-0.00,0.62,0.00,0.59,0.16,0.72,0.00,0.06,0.00,0.00,0.11,0.00,0.00,0.09,0.00,0.00,0.11,0.00,0.11,-0.00,0.00,0.72,0.00,0.02,0.17,0.00,0.04,0.00,0.00,0.00,0.73,0.00,0.11,0.00,0.74,0.69,0.06,0.10,0.00,0.01,0.00,0.12,0.64,0.14,0.00,0.00,0.02,0.65,0.17,0.02,0.01,0.00,0.01,0.00,0.05,0.00,0.04,0.02,0.09,0.59,0.02,0.03,0.73,0.14,0.05,0.00,-0.00,0.12,-0.00,0.00,0.06,0.10,0.08
0.05,0.00,0.57,0.45,0.00,0.04,0.48,0.00,0.00,0.00,0.00,0.00,0.18,0.00,0.05,0.65,0.00,0.00,0.65,0.00,0.06,0.61,0.55,0.58,0.00,0.58,0.00,0.00,0.51,0.00,0.09,0.13,0.00,0.04,0.58,0.07,0.60,0.00,-0.00,0.16,0.65,0.00,0.00,0.05,0.00,0.59,0.00,-0.00,0.00,0.61,0.07,0.67,0.00,0.02,0.00,0.52,0.00,0.00,0.03,0.00,0.04,0.00,0.51,0.65,0.02,0.00,0.03,0.44,0.02,0.00,0.04,0.10,0.49,0.59,0.53,0.00,0.03,0.00,0.00,0.00,0.02,0.56,0.01,0.51,0.10,0.09,0.00,0.00,0.05,0.00,0.04,0.00,0.00,0.03,0.04,0.14,0.12,0.01,0.00,0.00,-0.00,0.12,0.69,0.05,0.69,0.07,0.02,0.00,0.00,0.00,0.00,0.57,0.12,0.00,0.05,0.00,0.05,0.00,0.06,0.00,0.42,0.09,0.04,0.55,0.00,0.65,0.04,0.58,0.00,0.00,0.15,0.02,0.03,0.44,0.00,0.02,0.00,0.08,-0.00,0.00,0.38,0.00,0.03,0.00,0.00,0.06,0.00,0.00,0.00,0.00,0.04,0.00,0.04,0.01,0.00,0.04,0.02,0.00,0.04,0.02,0.59,0.00,0.68,-0.00,0.00,0.04,0.00,0.47,0.00,0.49,0.09,0.59,0.08,0.05,0.00,0.11,0.05,0.09,0.00,0.02,0.03,0.02,0.00,0.62,0.05,0.00,0.00,-0.00,0.00,0.00,0.04,0.48,0.00,0.00,0.00,0.15,0.00,0.00,0.00,0.00
0.02,0.09,0.09,0.05,0.10,0.19,0.04,0.00,0.00,0.00,0.00,0.00,0.02,0.12,0.16,0.00,0.02,0.00,0.07,-0.00,0.09,0.00,0.00,0.06,0.00,0.06,-0.00,0.01,0.00,0.09,0.00,0.08,0.06,0.06,0.00,0.00,0.00,0.01,0.00,0.11,0.12,0.04,0.00,0.04,0.06,0.05,0.00,0.06,0.00,0.05,0.17,0.00,0.00,0.03,0.17,0.12,0.00,0.14,0.01,0.02,0.01,0.07,-0.00,0.06,0.00,0.07,0.09,0.03,0.00,0.00,0.00,0.00,0.19,0.00,0.00,0.00,0.00,0.00,0.00,0.00,0.00,0.04,0.04,0.01,0.00,0.02,0.00,0.00,0.02,0.03,0.08,0.00,0.00,-0.00,0.00,0.00,0.00,0.04,0.05,0.03,0.00,0.18,0.00,0.00,0.00,0.00,0.00,0.01,0.10,0.02,0.05,0.00,0.15,0.04,0.00,0.01,0.23,0.00,0.00,0.00,0.07,0.06,0.00,0.04,0.25,0.00,0.00,0.03,0.00,0.00,0.01,0.00,0.06,0.09,0.07,0.12,0.00,0.05,0.02,0.09,0.05,0.07,0.00,0.11,0.00,0.06,0.00,0.02,0.00,0.10,0.03,0.00,0.02,0.09,0.00,0.17,0.00,0.03,0.00,0.03,0.13,0.11,0.01,0.00,0.07,0.00,0.02,0.00,0.00,0.00,0.00,0.00,0.03,0.01,0.00,0.04,0.00,0.00,0.00,0.00,0.00,0.00,0.00,0.03,0.00,0.00,0.00,0.00,0.00,0.00,0.01,0.00,0.07,0.07,0.11,0.05,0.00,0.00,0.05,0.04
0.66,0.75,0.00,0.00,0.59,0.54,0.00,0.56,0.04,0.00,0.00,0.04,0.64,0.51,0.00,0.00,0.00,0.02,0.59,0.20,0.00,0.02,0.67,0.15,0.03,0.00,0.50,0.00,0.55,0.00,0.00,0.47,0.07,0.73,0.00,1.19,0.67,0.56,0.00,0.00,0.02,0.64,0.36,0.54,-0.00,1.17,0.00,0.63,1.12,0.00,0.02,0.04,1.03,0.47,0.04,0.00,0.05,0.07,0.75,0.00,0.00,0.73,0.70,0.00,0.39,1.26,0.05,0.00,0.01,0.02,0.02,1.13,0.00,0.06,0.69,0.70,0.71,0.67,0.00,0.00,0.00,0.68,0.00,0.17,0.02,0.04,0.66,0.04,0.00,0.05,0.00,0.04,0.10,0.00,0.00,0.57,-0.00,0.57,0.49,1.24,0.64,0.00,0.02,0.00,0.58,0.05,0.69,0.62,0.00,0.04,0.16,0.05,0.82,0.67,0.00,0.00,0.00,0.64,0.00,0.02,0.00,0.59,0.06,0.80,0.00,0.07,0.00,0.00,0.63,0.00,0.59,0.56,1.26,0.00,0.14,0.08,0.05,0.02,0.39,0.11,0.03,0.02,0.00,0.44,0.01,0.04,0.16,0.20,0.73,0.00,0.10,0.02,0.49,0.00,0.00,0.00,0.03,1.23,0.00,0.08,0.38,0.64,0.70,0.00,0.08,0.02,0.00,0.10,0.06,1.05,0.00,0.00,-0.00,0.07,1.11,0.00,0.00,-0.00,0.01,0.08,0.07,-0.00,0.00,0.04,0.11,0.02,0.68,0.13,0.00,0.74,0.00,0.00,0.00,0.08,0.23,0.22,0.14,0.10,0.00,0.02
0.10,0.09,0.04,0.31,0.03,0.02,0.00,0.00,0.00,0.00,0.00,0.06,0.05,0.11,0.08,0.03,0.00,0.10,0.02,0.09,0.00,0.00,0.10,0.06,0.00,0.08,0.04,0.00,0.00,0.00,0.00,0.00,0.00,0.00,0.06,0.03,0.08,0.19,0.00,0.00,0.00,0.00,0.02,0.00,0.08,0.02,0.00,0.04,0.08,0.00,0.05,0.00,0.00,0.00,0.00,0.07,0.02,0.04,0.00,0.00,0.02,0.04,0.14,0.00,0.09,0.00,0.09,0.00,0.00,-0.00,0.00,0.00,-0.00,0.00,0.05,0.00,-0.00,0.06,0.05,0.00,0.00,0.10,0.00,0.06,0.00,0.01,0.08,0.00,0.03,0.00,0.06,0.00,0.00,0.00,0.00,0.00,0.00,0.00,0.00,0.02,0.00,0.08,0.16,0.08,0.00,-0.00,0.00,0.00,0.00,0.00,0.05,0.00,0.12,0.08,0.02,0.00,0.00,0.00,0.05,0.00,0.02,0.09,0.00,0.00,0.00,0.03,0.02,0.00,0.06,0.20,0.00,0.07,0.00,0.14,0.03,0.07,0.02,0.03,0.00,0.00,0.08,0.00,0.00,0.00,0.08,0.00,0.00,0.01,0.00,0.00,0.00,0.09,0.00,0.00,0.00,-0.00,-0.00,0.00,0.05,0.01,0.02,0.04,0.10,-0.00,0.00,0.05,0.11,0.00,0.00,0.04,0.00,0.03,0.00,0.05,0.00,0.11,-0.00,0.00,0.02,0.00,0.00,0.00,0.00,0.02,0.00,0.01,0.06,0.05,0.07,0.00,0.07,0.00,0.18,0.06,0.12,0.02,0.00,0.03,0.07,0.12
0.07,0.00,0.06,0.00,0.13,0.00,0.00,0.00,0.00,0.02,0.00,0.00,0.01,0.06,-0.00,0.06,0.00,0.00,0.01,0.02,0.00,0.05,0.01,0.02,0.05,0.00,-0.00,0.00,0.00,0.00,0.00,0.00,0.01,0.10,0.00,0.00,0.08,0.00,0.01,0.02,0.00,0.08,0.10,0.00,0.00,0.00,0.00,0.00,0.13,0.02,0.00,-0.00,0.00,0.00,0.00,0.02,0.01,0.00,0.03,0.04,0.03,0.12,0.03,0.08,0.03,0.03,0.00,0.09,0.00,0.00,0.00,0.00,0.05,0.09,0.00,0.00,0.01,0.13,0.00,0.00,0.00,0.02,-0.00,0.02,0.00,0.03,0.11,0.04,0.00,0.03,0.00,0.04,0.00,0.00,0.06,0.00,0.00,0.14,0.04,0.00,0.00,0.00,0.00,0.05,0.02,0.00,0.00,0.00,0.00,0.07,0.00,0.00,0.00,0.07,0.00,0.00,0.00,0.00,0.01,0.00,0.00,0.01,-0.00,0.09,0.02,0.00,0.00,0.00,0.02,0.00,0.00,0.11,0.03,0.12,0.00,0.15,0.00,0.00,0.04,0.00,0.00,0.00,0.00,0.01,0.01,0.00,0.00,0.03,0.06,0.03,0.01,0.00,0.00,0.02,0.00,0.00,0.01,0.00,0.13,0.08,0.08,0.00,0.00,0.08,0.00,0.05,0.03,0.02,0.00,0.12,0.00,0.00,0.00,0.00,0.00,0.00,0.00,0.03,0.01,0.00,0.07,0.03,0.11,0.00,0.00,0.04,0.01,0.02,0.11,0.01,0.06,0.02,0.04,0.00,0.05,0.00,0.01,0.00,0.11,0.00
0.00,0.03,0.05,0.14,0.00,0.06,0.00,0.11,0.00,0.00,0.09,-0.00,0.08,0.03,0.02,0.00,0.00,0.00,0.00,0.04,0.08,0.05,0.00,0.07,0.00,0.12,0.00,0.00,0.00,0.00,0.00,0.00,0.00,0.02,0.00,0.00,0.14,0.00,0.00,0.00,0.00,0.00,0.01,0.05,0.00,0.00,-0.00,0.00,0.00,0.00,0.00,0.00,0.04,0.00,0.00,0.00,0.00,0.06,0.07,0.02,0.03,0.00,0.00,0.00,0.00,0.05,0.00,0.00,0.05,0.17,0.03,0.08,0.00,0.04,0.00,0.00,0.10,0.00,0.00,0.00,0.04,0.00,0.00,0.08,0.00,0.00,0.13,0.02,0.12,0.00,0.00,0.03,0.08,0.08,0.00,0.00,0.05,0.00,0.04,0.03,0.07,0.00,0.00,0.00,0.03,0.00,0.03,0.12,0.10,0.00,0.06,0.00,0.00,0.08,0.01,0.00,0.04,0.00,0.07,0.02,0.00,0.09,0.11,0.02,0.03,0.00,0.00,0.03,0.00,0.16,0.19,0.00,0.01,0.01,0.00,-0.00,0.00,0.13,0.00,0.09,0.00,0.01,0.13,0.00,0.00,0.02,0.07,0.00,0.00,0.00,0.08,0.06,0.00,0.04,0.00,0.12,0.08,0.00,0.03,0.00,0.00,0.03,0.00,0.03,0.00,0.25,0.08,0.02,0.14,0.03,0.09,0.00,0.05,0.10,0.00,0.04,0.06,-0.00,0.00,0.02,0.10,0.00,0.00,0.00,0.08,0.00,0.00,0.00,0.01,0.00,0.07,0.00,0.00,0.00,0.00,0.00,0.00,0.02,0.00,0.11
0.61,0.80,0.05,0.00,0.00,0.00,0.05,0.00,0.00,0.00,0.11,0.00,0.64,0.10,0.14,0.04,0.00,0.05,0.00,0.00,0.00,0.07,0.61,0.01,0.00,0.00,0.00,0.02,0.10,0.00,0.00,0.03,0.00,0.59,0.00,0.73,0.62,0.00,0.00,0.10,0.03,0.69,0.00,0.04,0.03,0.55,0.02,0.63,0.55,0.02,0.00,0.00,0.48,0.00,0.00,0.00,0.01,0.00,0.72,0.06,-0.00,0.70,0.74,0.07,0.03,0.69,0.06,-0.00,0.00,0.00,0.01,0.73,0.03,0.00,0.73,0.74,0.60,0.67,0.00,0.00,0.01,0.58,0.03,0.00,0.00,0.03,0.61,0.00,0.00,0.00,0.00,0.00,0.10,0.00,0.00,0.11,0.13,0.02,0.00,0.61,0.68,0.00,0.05,0.13,0.02,0.00,0.63,0.68,0.00,0.00,0.00,0.10,0.78,0.66,0.00,0.16,0.00,0.08,0.06,0.00,0.09,0.65,0.00,0.64,0.00,0.06,0.13,0.04,0.70,0.03,0.77,0.02,0.79,0.07,0.00,0.00,0.00,0.00,0.05,0.00,0.05,-0.00,0.00,0.11,0.03,0.05,0.17,0.00,0.55,0.02,0.00,0.03,0.00,0.14,0.00,0.05,0.02,0.63,0.00,0.00,0.00,0.50,0.64,0.11,0.03,0.00,0.00,0.00,0.00,0.70,0.03,0.11,0.00,0.04,0.64,0.00,0.07,0.00,0.01,0.00,0.08,0.00,0.00,0.00,0.03,0.07,0.83,0.00,0.05,0.68,0.00,0.00,0.00,0.05,0.00,0.00,0.02,0.00,0.15,0.04
0.68,0.59,0.07,0.00,0.35,0.50,0.02,0.60,0.00,0.00,0.00,0.00,0.72,0.42,0.02,0.01,0.03,0.06,0.54,0.02,0.10,0.00,0.64,0.06,0.00,0.00,0.62,0.00,0.44,0.00,0.00,0.39,0.02,0.67,0.02,1.09,0.69,0.41,0.00,0.00,0.00,0.73,0.48,0.57,0.12,1.09,0.20,0.67,1.24,0.00,0.00,0.00,1.14,0.42,0.01,0.02,0.00,0.12,0.56,0.03,0.04,0.62,0.68,0.00,0.49,1.22,0.03,0.00,0.00,0.00,-0.00,1.32,0.09,0.02,0.55,0.65,0.51,0.72,0.07,0.08,0.01,0.68,0.04,0.00,0.07,0.06,0.62,0.00,0.03,0.00,0.02,0.10,0.11,0.02,0.02,0.51,0.16,0.68,0.50,1.16,0.59,0.12,0.01,0.00,0.54,0.00,0.61,0.80,0.07,0.00,0.02,0.09,0.77,0.70,0.00,0.05,0.02,0.54,0.00,0.01,0.00,0.67,0.03,0.72,-0.00,0.00,0.00,0.00,0.73,0.10,0.63,0.55,1.01,0.05,-0.00,0.02,0.07,0.11,0.45,0.00,0.00,0.00,0.05,0.56,-0.00,0.00,0.00,0.00,0.64,0.00,0.00,0.15,0.47,0.00,0.03,0.07,0.07,1.27,0.00,0.00,0.49,0.60,0.69,0.00,0.11,0.00,0.00,0.10,0.02,1.16,0.05,0.00,0.00,0.00,1.17,0.13,0.00,0.00,0.01,0.14,0.00,0.09,0.06,0.05,0.01,0.02,0.53,0.07,0.00,0.60,0.00,0.03,-0.00,0.00,0.00,0.00,0.00,0.09,0.00,0.03
0.00,0.02,0.00,0.00,0.00,0.04,0.00,0.00,-0.00,0.04,0.15,0.13,0.09,0.00,0.10,0.00,0.13,0.00,0.08,0.08,0.01,0.05,0.00,0.07,0.00,0.12,0.08,0.00,-0.00,0.06,0.04,0.00,0.03,0.16,0.07,0.00,0.00,0.00,0.00,0.00,0.00,0.07,0.00,0.12,0.00,0.00,0.00,0.02,0.00,0.00,0.11,0.02,0.00,0.06,0.00,0.00,0.00,0.11,0.00,0.07,-0.00,0.00,0.03,0.01,0.00,0.01,0.06,0.06,0.00,0.06,0.00,0.00,0.01,0.00,0.00,0.00,0.00,0.00,0.04,0.01,0.00,0.07,0.04,0.12,0.00,-0.00,0.07,0.02,0.00,0.00,0.00,0.00,-0.00,0.00,0.02,0.00,0.02,0.00,0.00,0.00,0.06,0.06,0.13,0.03,0.00,0.00,0.01,0.00,0.03,0.07,0.00,0.00,0.08,0.00,0.02,0.00,0.08,0.06,0.07,0.11,0.01,0.11,0.02,0.00,0.04,0.00,0.02,0.06,0.16,0.10,0.07,0.14,-0.00,0.00,0.02,-0.00,0.03,0.00,0.00,0.00,0.06,0.02,0.00,0.00,0.06,0.03,0.04,0.06,0.06,0.00,0.05,0.00,0.05,0.00,0.02,0.08,0.03,0.07,0.05,0.00,0.00,0.06,0.00,0.00,0.00,0.00,0.07,0.05,0.00,0.00,0.01,0.00,0.00,0.06,0.03,0.00,-0.00,0.00,0.00,0.07,0.00,0.00,0.10,0.00,0.00,0.00,0.00,0.00,0.01,0.00,0.00,0.02,0.09,0.10,0.05,0.00,0.00,0.06,0.10,0.02
0.03,0.00,0.44,0.70,0.20,0.00,0.55,0.00,0.14,0.00,0.00,0.00,0.04,0.03,0.01,0.60,0.09,0.02,0.49,0.01,0.03,0.63,0.67,0.47,0.00,0.67,0.00,0.00,0.64,0.07,0.00,0.05,0.00,0.00,0.61,0.00,0.58,0.05,0.00,0.00,0.54,0.00,0.00,0.00,0.06,0.51,0.11,0.00,0.05,0.57,0.00,0.56,0.00,0.00,0.12,0.66,0.14,0.07,-0.00,0.11,0.18,0.04,0.64,0.55,-0.00,0.14,0.00,0.56,0.00,0.12,0.00,0.18,0.61,0.51,0.71,-0.00,0.03,0.14,0.00,-0.00,0.05,0.37,0.00,0.49,0.02,0.00,0.00,0.00,0.00,0.00,0.00,0.00,0.00,0.00,-0.00,0.00,0.06,0.01,0.05,0.00,0.03,0.06,0.55,0.06,0.56,0.01,0.00,0.07,0.16,0.00,0.00,0.53,0.00,-0.00,-0.00,0.00,0.07,0.05,0.02,0.12,0.65,0.02,0.02,0.60,0.00,0.47,0.00,0.57,0.06,0.10,0.08,0.00,0.04,0.56,0.05,0.00,0.00,0.06,0.00,0.00,0.66,0.00,0.00,0.00,0.00,0.00,0.13,0.02,0.05,0.00,-0.00,0.07,0.00,0.06,0.00,0.00,0.01,0.00,0.09,0.00,0.49,0.13,0.46,-0.00,0.00,0.11,0.00,0.54,0.00,0.53,0.05,0.59,0.00,0.06,0.00,0.08,0.10,0.00,0.00,0.03,0.00,0.03,0.01,0.52,0.02,0.00,0.00,0.00,0.00,0.00,0.02,0.47,0.00,0.00,0.00,0.07,0.08,0.12,0.00,0.00
0.71,0.69,0.03,0.04,0.03,0.16,0.07,0.05,0.02,0.00,0.00,0.00,0.69,0.00,0.00,0.14,0.00,0.01,0.02,0.06,0.00,0.00,0.52,0.00,0.00,0.00,0.00,0.11,0.00,0.09,0.15,0.00,0.00,0.63,0.00,0.68,0.63,0.04,0.00,0.00,-0.00,0.74,0.00,0.15,0.03,0.67,0.00,0.61,0.65,0.01,0.00,0.00,0.71,0.00,0.10,0.09,0.02,0.11,0.58,0.06,0.00,0.70,0.62,0.02,0.00,0.62,0.00,0.18,0.00,0.10,0.13,0.68,0.02,0.00,0.75,0.59,0.69,0.80,0.03,0.00,0.00,0.75,0.03,0.01,0.00,0.09,0.77,0.12,0.12,0.00,0.00,0.00,0.19,0.00,0.00,0.05,0.00,0.14,0.00,0.66,0.62,0.02,0.00,0.11,0.00,0.00,0.61,0.67,0.00,0.01,0.00,0.00,0.67,0.57,0.06,0.03,-0.00,0.00,-0.00,0.00,0.03,0.54,0.05,0.70,0.18,0.00,0.00,0.00,0.68,0.02,0.62,0.07,0.70,0.02,0.00,0.13,0.02,0.00,0.01,0.03,0.00,0.00,0.02,0.06,0.00,0.04,0.00,0.00,0.76,0.00,0.06,0.00,0.00,0.03,0.10,0.00,0.00,0.76,0.05,0.00,0.05,0.68,0.50,0.00,0.02,0.00,0.00,-0.00,0.00,0.75,0.00,0.00,0.01,-0.00,0.61,0.06,0.00,0.00,-0.00,0.00,0.09,0.13,0.06,0.00,0.05,0.00,0.79,0.05,0.08,0.60,0.02,0.00,0.09,0.02,0.00,0.03,0.16,0.00,0.17,0.20
0.06,0.05,0.13,0.00,0.44,0.46,0.00,0.54,0.00,0.00,0.00,0.00,0.02,0.46,0.05,0.08,0.00,0.00,0.49,0.00,0.06,0.05,0.00,0.00,0.00,0.13,0.69,0.00,0.46,0.05,0.12,0.57,0.00,0.01,0.02,0.42,0.06,0.40,0.00,0.04,0.00,0.00,0.47,0.40,0.14,0.54,0.00,0.15,0.50,0.01,0.00,-0.00,0.65,0.61,0.11,0.00,0.00,0.09,0.14,0.00,0.00,0.00,0.00,0.04,0.62,0.66,0.00,0.05,0.08,0.09,0.09,0.46,0.04,0.19,0.03,0.02,0.04,0.14,0.00,0.01,0.00,0.00,-0.00,0.00,0.00,0.16,0.00,0.00,0.00,0.00,0.00,0.00,-0.00,0.00,0.12,0.46,0.00,0.56,0.64,0.54,-0.00,0.00,0.01,0.00,0.58,0.03,0.04,0.03,0.00,0.00,0.00,0.00,0.00,0.04,0.03,0.08,0.09,0.48,0.09,0.00,0.00,0.05,0.00,0.00,0.14,0.02,0.06,0.01,0.04,0.00,0.00,0.49,0.55,0.00,0.04,0.00,0.08,0.00,0.59,0.00,0.13,0.03,0.15,0.52,0.00,0.01,0.13,0.00,0.06,0.00,0.00,0.06,0.47,0.00,0.00,0.00,0.23,0.58,0.00,0.03,0.44,0.00,0.04,0.00,0.04,-0.00,0.04,0.10,0.01,0.59,0.08,0.04,0.00,0.00,0.53,0.05,0.00,0.16,0.07,0.00,0.06,0.06,0.00,0.11,0.03,0.05,0.00,0.00,0.00,0.00,0.00,0.00,-0.00,0.00,0.05,0.02,0.00,0.00,0.04,0.05
0.19,0.00,0.00,0.00,0.05,0.00,0.00,0.08,0.10,0.14,0.00,0.09,0.00,0.14,0.08,0.07,0.19,0.00,0.00,0.01,0.02,0.13,0.14,0.00,0.00,0.01,0.00,0.00,0.01,0.00,0.08,0.00,0.01,0.09,0.04,0.06,0.00,0.14,0.02,0.00,0.00,0.01,0.02,0.06,0.00,0.00,0.00,0.00,0.00,0.04,0.17,0.02,0.00,0.00,0.00,0.00,0.00,0.01,0.01,0.06,0.01,0.00,0.09,0.00,0.04,0.17,0.08,-0.00,0.00,0.01,0.02,0.00,0.04,-0.00,0.09,0.02,0.00,0.02,0.11,0.00,0.07,0.00,0.00,0.00,0.00,0.06,0.01,0.00,0.00,0.08,0.00,0.03,0.06,0.00,0.02,0.00,0.02,0.05,0.00,0.00,0.00,0.14,0.00,0.12,0.09,0.09,0.00,0.00,0.00,0.00,0.00,0.11,0.04,0.08,0.00,0.00,0.00,0.07,0.00,0.00,0.06,0.00,-0.00,0.00,0.04,0.13,0.15,0.05,0.13,-0.00,0.06,0.03,0.05,0.00,0.02,0.00,0.04,0.00,0.00,0.00,0.01,0.00,0.11,0.00,0.14,0.00,-0.00,0.01,0.00,0.01,0.06,0.04,0.05,0.06,0.02,0.06,-0.00,0.14,0.02,0.06,0.00,0.06,0.14,0.14,0.04,0.02,0.00,0.04,0.11,0.00,0.02,0.00,0.01,0.00,0.06,0.00,0.03,0.00,0.00,0.00,0.04,0.00,0.00,0.11,0.00,0.00,0.07,0.01,0.00,0.00,0.01,0.01,0.07,0.00,0.03,0.00,0.00,0.00,0.05,0.00
0.00,-0.00,0.04,0.05,0.00,0.03,0.00,0.00,0.10,0.11,0.10,0.10,0.00,0.01,0.00,0.00,0.00,0.03,0.03,0.05,0.09,0.04,0.09,0.00,0.09,0.14,0.00,0.02,0.00,0.04,0.00,-0.00,0.10,0.07,0.03,0.00,0.00,0.00,0.04,0.02,0.00,0.00,0.00,0.00,0.00,0.00,0.00,0.00,0.00,0.00,0.07,0.00,0.06,0.00,0.05,0.08,0.00,0.01,0.02,0.00,0.09,0.06,0.05,0.02,0.00,0.01,0.00,0.00,0.08,0.07,0.18,0.01,0.00,0.02,0.00,0.00,0.00,0.04,0.00,0.10,-0.00,0.13,0.00,0.00,0.00,0.05,0.03,0.03,0.00,0.00,0.10,0.00,0.05,0.00,0.04,0.00,0.03,0.12,0.13,0.10,0.00,0.00,0.00,0.00,0.00,0.00,0.09,0.01,0.06,0.00,0.00,0.04,0.09,0.00,0.00,0.00,0.15,0.00,0.10,0.08,0.12,0.00,0.00,0.00,0.00,0.14,0.00,0.00,0.00,0.10,0.00,0.08,0.07,0.00,0.08,0.00,0.11,0.00,0.06,0.04,0.00,0.00,0.13,0.00,0.00,0.00,0.03,0.00,0.06,0.02,0.00,0.05,0.01,0.15,0.00,0.11,0.12,0.00,0.00,0.00,0.00,0.20,0.00,0.00,0.00,0.08,0.06,0.00,0.04,0.00,0.07,0.00,0.00,0.00,0.00,0.00,0.05,0.00,0.00,0.00,0.00,0.00,0.01,0.00,-0.00,0.00,0.00,0.16,0.00,0.00,0.08,0.00,0.02,0.13,0.00,0.19,0.11,0.03,0.02,-0.00
0.00,0.07,0.00,0.03,0.00,0.00,0.00,0.05,0.00,0.00,0.00,0.00,0.06,0.00,0.11,0.10,0.00,0.00,0.02,0.00,0.08,0.00,0.08,0.03,-0.00,0.00,0.07,0.00,0.00,0.08,0.00,0.00,0.00,0.01,0.04,0.09,0.00,0.00,0.01,0.01,0.08,0.02,0.12,0.00,0.00,0.00,0.04,0.00,0.07,0.04,0.05,0.00,0.00,0.00,0.00,-0.00,0.00,0.01,0.00,-0.00,0.00,0.05,0.00,0.00,0.04,0.00,0.08,0.00,-0.00,0.00,0.09,0.00,0.00,0.00,0.11,0.00,0.00,0.00,0.00,0.08,0.06,-0.00,0.03,0.00,0.00,0.00,0.00,0.00,0.10,0.00,0.07,0.01,0.10,0.00,0.12,0.00,0.03,0.03,0.00,0.19,0.04,0.00,0.00,0.10,0.00,0.00,0.00,0.02,0.00,0.00,0.01,0.00,0.00,0.00,0.06,0.00,0.00,0.00,0.08,0.00,0.00,0.00,0.10,0.01,0.00,0.10,0.07,0.03,0.00,0.00,0.00,0.06,0.00,0.01,0.00,0.01,0.15,0.09,0.01,0.00,0.02,0.00,0.01,0.09,0.03,0.02,0.00,0.04,0.01,0.00,0.08,0.04,0.00,0.00,0.00,0.01,0.00,0.24,0.02,0.00,0.09,0.00,0.00,0.00,0.00,0.01,0.02,0.00,0.02,0.00,0.07,0.00,0.00,0.07,0.01,0.05,0.17,0.02,0.00,0.01,0.24,0.00,0.03,0.00,-0.00,0.00,0.00,0.00,-0.00,0.00,0.01,0.13,0.00,0.00,0.00,0.06,0.00,0.07,0.00,0.00
0.00,0.03,0.00,0.16,0.00,0.12,0.01,0.01,0.02,0.06,0.00,0.00,0.03,0.08,0.00,0.06,0.07,0.03,0.00,0.00,0.00,0.00,0.00,0.00,0.00,0.00,0.12,0.00,0.00,0.00,0.03,0.00,0.00,0.12,0.02,0.02,0.03,0.09,0.00,0.00,0.00,0.02,0.16,0.13,0.00,0.02,0.00,0.00,0.00,0.02,0.00,0.00,0.12,0.01,0.00,0.13,0.00,0.12,0.01,0.02,0.06,0.03,0.00,0.03,0.00,0.00,0.02,0.00,0.00,0.00,0.09,0.05,0.00,0.00,0.00,0.09,0.00,0.00,0.00,0.00,0.07,0.00,0.00,0.00,0.00,0.00,-0.00,0.00,0.10,0.06,0.01,0.00,0.00,0.19,0.00,0.00,0.00,0.00,0.13,0.00,0.06,0.06,0.00,-0.00,0.07,0.03,0.00,0.01,0.00,0.03,0.11,0.05,0.00,0.00,0.00,0.00,0.09,0.03,0.04,0.00,0.00,0.00,0.05,0.00,0.00,0.00,0.04,0.00,0.02,0.00,0.00,0.16,0.00,0.00,0.04,0.00,0.18,0.00,0.09,0.00,0.03,0.00,0.07,0.00,0.02,-0.00,0.10,0.00,0.05,0.02,0.11,0.00,0.00,0.00,-0.00,0.08,0.05,0.00,0.00,0.00,0.00,0.02,0.00,0.05,0.00,0.00,0.03,0.01,0.00,0.01,0.00,0.08,0.00,0.00,0.00,0.00,0.00,0.00,0.00,0.00,0.06,0.05,0.07,0.00,0.00,0.00,0.00,0.08,0.00,0.11,0.00,0.02,0.00,0.00,0.00,0.11,0.00,0.04,0.01,0.00
0.00,0.01,0.05,0.00,0.04,0.12,0.00,0.09,0.00,0.06,0.07,0.07,0.09,0.03,0.00,0.00,0.00,0.00,0.08,-0.00,0.08,0.00,0.03,0.05,0.06,0.00,0.00,0.00,0.00,0.00,0.00,0.00,0.05,0.00,0.04,0.00,0.00,0.12,0.06,0.00,0.01,0.00,0.00,0.00,0.00,0.01,0.00,0.00,0.01,0.00,0.06,0.20,0.00,0.00,0.00,0.09,0.00,0.00,0.00,0.14,0.02,0.01,0.00,0.00,0.02,0.01,0.00,0.04,0.00,0.05,0.00,0.00,0.00,0.00,0.00,0.02,0.04,0.08,0.14,0.00,0.00,0.00,0.00,0.12,0.06,0.00,0.01,0.04,0.00,0.00,0.01,0.05,0.03,0.06,0.09,0.11,0.04,0.00,0.00,0.00,0.00,0.00,0.07,0.01,0.07,0.08,0.00,0.01,0.15,0.07,0.08,0.05,0.01,0.00,0.00,0.12,0.03,0.14,0.00,0.11,0.00,0.00,0.01,0.04,0.04,0.00,0.08,0.10,0.00,0.13,0.07,0.00,0.00,0.00,0.00,0.01,0.00,0.03,0.10,-0.00,0.15,0.00,0.00,0.00,0.20,0.06,0.01,0.00,0.07,0.02,0.00,0.05,0.00,0.06,0.00,0.09,0.07,0.00,0.11,0.02,0.00,0.00,0.00,0.03,0.00,0.02,0.00,0.00,0.05,0.03,0.08,0.12,0.05,0.00,0.00,0.06,0.00,0.01,0.08,0.00,0.00,0.00,0.00,0.00,0.05,0.00,0.05,0.00,0.00,0.02,0.05,0.00,0.05,0.00,0.00,0.03,0.00,0.00,0.14,0.00
0.00,0.05,0.00,0.00,0.42,0.27,0.06,0.48,0.05,0.16,0.03,0.05,0.09,0.56,0.01,0.00,0.01,0.08,0.53,0.04,0.00,0.00,0.00,0.00,0.03,0.12,0.53,0.21,0.47,0.00,0.00,0.53,0.07,0.00,0.00,0.52,0.00,0.49,0.00,0.02,0.01,0.00,0.59,0.57,0.11,0.58,0.10,0.00,0.39,0.03,0.04,0.00,0.56,0.47,0.00,0.00,0.00,0.00,0.00,0.00,0.00,0.00,0.03,0.07,0.52,0.46,0.03,0.01,0.00,0.06,0.06,0.36,0.00,0.00,0.00,-0.00,0.04,0.02,0.09,0.00,0.00,0.00,0.05,0.00,0.08,0.00,-0.00,0.00,0.00,0.00,0.08,0.05,-0.00,0.11,0.12,0.51,0.00,0.42,0.54,0.45,0.00,0.03,0.09,0.02,0.55,0.00,0.00,0.14,0.06,0.07,0.11,0.01,0.00,0.00,0.02,0.15,0.00,0.32,0.11,0.00,0.00,0.17,0.00,0.01,0.06,0.00,0.00,0.03,0.09,0.09,0.02,0.54,0.51,0.10,0.00,0.03,0.01,0.06,0.38,0.00,0.06,0.05,0.00,0.56,0.00,0.00,0.14,0.03,0.02,0.00,0.00,0.00,0.59,0.00,0.14,0.00,0.00,0.52,0.00,0.00,0.55,0.00,0.01,0.00,0.13,0.04,0.03,0.02,0.00,0.43,0.00,0.00,0.00,0.00,0.51,0.00,-0.00,0.00,0.00,0.00,0.00,0.04,0.00,0.00,0.10,0.00,0.00,0.00,0.27,0.00,0.00,0.04,0.00,0.00,0.00,0.00,0.11,0.00,0.00,0.02
0.00,0.05,0.00,0.06,0.03,0.00,0.01,0.00,0.00,0.00,0.00,0.00,0.08,0.00,0.05,0.00,0.06,0.00,0.00,0.02,0.04,0.01,0.00,0.00,0.05,0.00,0.07,0.07,0.00,0.05,0.10,0.00,0.00,0.06,0.13,0.08,0.00,0.07,0.00,0.02,0.00,0.00,0.03,0.00,0.12,0.00,0.12,0.00,0.04,0.00,0.03,0.07,0.08,0.07,0.03,0.00,0.06,0.06,0.00,0.00,0.06,0.14,0.00,0.18,0.00,0.00,0.00,0.00,0.06,0.07,0.05,0.13,0.03,0.00,0.11,0.00,0.00,0.08,0.00,0.10,0.07,-0.00,0.00,0.00,0.00,0.03,0.00,0.00,-0.00,-0.00,0.07,0.03,0.11,0.06,0.13,0.06,0.01,0.00,0.05,0.00,0.00,0.00,0.00,0.03,0.01,0.16,0.06,-0.00,0.00,0.00,0.02,-0.00,0.00,0.05,0.03,0.09,0.03,0.01,0.07,0.02,0.05,0.00,0.03,0.00,0.00,0.00,0.01,0.00,0.00,0.00,0.10,0.00,0.03,0.05,0.00,0.10,0.00,0.00,0.00,0.11,0.05,0.00,0.17,0.05,0.00,0.10,0.00,0.04,0.00,0.00,0.00,0.00,0.06,0.00,0.00,0.09,0.00,0.02,0.09,-0.00,0.00,0.10,0.09,0.00,0.02,0.05,0.08,0.02,0.05,0.11,0.07,0.00,0.00,0.04,0.00,0.14,0.10,0.00,0.00,0.00,0.00,0.06,0.00,0.00,0.02,0.00,0.01,0.00,0.00,0.00,0.00,0.00,0.00,0.08,0.00,0.01,0.00,0.01,0.10,0.00
0.00,0.09,0.00,0.00,0.00,0.00,0.02,0.00,0.00,0.09,0.00,0.03,0.10,0.00,0.02,0.00,0.00,0.00,0.00,0.00,0.05,0.04,0.03,0.00,0.00,-0.00,0.02,0.00,0.00,0.08,0.00,0.00,0.04,0.05,0.21,0.10,0.08,0.06,0.00,0.00,0.07,0.01,0.13,0.14,0.09,0.03,0.05,0.07,0.02,0.00,0.05,0.05,0.00,0.07,0.00,0.01,0.00,0.00,0.01,0.07,0.00,-0.00,0.03,0.01,0.04,0.00,0.00,0.00,0.06,0.03,0.06,0.08,0.06,0.06,0.00,0.00,0.00,0.00,0.12,0.00,0.00,0.00,0.00,0.00,0.00,0.06,0.00,0.09,0.00,0.02,0.00,0.00,0.03,0.00,0.00,0.02,0.00,0.00,0.12,0.00,0.03,0.00,0.00,0.00,0.01,0.01,0.00,0.05,0.03,0.04,0.03,0.00,0.00,0.03,0.01,0.13,0.08,0.04,0.05,0.00,0.00,0.16,0.00,0.11,0.00,0.00,0.00,0.00,0.01,0.00,0.03,0.02,0.04,0.09,0.00,0.00,0.10,0.00,0.00,0.04,0.00,0.03,0.10,0.00,0.00,0.07,0.05,0.00,0.05,-0.00,0.01,0.00,0.05,0.00,0.00,0.00,0.00,0.00,0.00,0.01,0.00,0.09,0.09,0.10,0.00,0.00,0.05,0.00,0.06,0.08,0.01,-0.00,0.10,0.00,-0.00,0.03,-0.00,0.00,0.14,0.00,0.01,0.00,0.00,0.00,0.06,0.00,0.05,0.00,0.00,0.06,0.05,0.06,0.00,0.00,0.12,0.00,0.02,0.00,0.01,0.02
0.09,0.05,0.02,0.00,0.00,0.00,0.02,0.00,0.00,0.02,0.00,-0.00,0.05,0.04,0.00,0.00,0.00,0.01,0.00,0.00,0.00,0.00,0.14,0.00,0.02,0.04,0.00,0.06,0.02,0.00,0.13,0.00,0.00,0.00,0.00,0.00,0.00,0.05,0.08,0.00,0.00,0.06,0.03,0.00,0.07,0.00,0.05,0.06,0.01,0.14,0.00,0.00,0.01,0.00,0.00,0.06,0.02,0.00,0.00,0.00,0.02,0.11,0.10,0.00,0.01,0.00,0.03,0.00,0.00,0.09,0.00,0.00,0.00,0.00,0.01,0.04,0.00,0.11,0.05,0.00,0.00,0.04,0.00,0.00,0.10,0.13,0.00,0.00,0.04,0.07,0.07,0.00,0.00,0.00,0.00,0.00,0.00,0.06,0.00,0.05,-0.00,0.00,0.00,0.00,0.00,0.00,0.00,0.00,0.01,0.04,0.08,0.00,0.10,0.05,0.04,0.00,0.00,0.13,0.00,0.00,0.04,0.00,0.02,0.16,0.04,0.00,0.00,0.00,0.01,0.00,-0.00,0.00,0.00,0.00,0.00,0.00,0.02,0.06,0.00,0.00,0.00,0.01,0.00,0.00,0.00,0.09,0.00,0.00,0.00,0.05,0.00,0.02,0.00,0.07,0.02,0.05,0.03,-0.00,0.17,0.06,0.00,0.00,0.05,0.09,0.00,0.09,0.12,0.00,0.00,0.01,0.00,0.00,0.17,0.07,0.01,0.00,0.09,0.00,0.04,0.00,0.00,0.03,0.00,0.00,0.00,0.00,0.04,0.00,0.00,0.00,0.06,0.01,0.10,-0.00,0.00,0.00,0.00,0.05,0.07,0.00
0.08,0.15,0.05,0.00,-0.00,0.00,0.06,0.00,0.00,0.00,0.05,0.00,0.00,0.00,0.00,0.14,0.00,0.09,0.01,0.10,0.01,0.05,0.03,0.08,0.00,0.07,0.00,0.00,0.06,0.00,0.00,0.00,0.00,0.00,0.01,0.08,0.07,0.03,-0.00,0.14,0.00,0.07,0.00,0.05,0.00,0.16,0.00,0.09,0.15,0.06,0.19,0.01,0.00,0.02,0.00,0.07,0.00,0.00,0.07,0.00,0.00,0.01,0.00,0.03,0.02,0.00,0.06,0.06,0.13,0.10,0.00,0.04,0.01,0.00,0.05,0.03,0.00,0.00,0.04,0.00,0.00,0.02,0.00,0.05,0.06,0.00,0.10,0.00,-0.00,0.00,0.02,0.01,0.05,0.00,0.00,0.00,0.00,0.00,0.00,0.12,0.01,0.00,0.06,0.13,0.00,0.01,0.05,0.09,0.01,0.00,0.00,0.05,0.05,0.00,0.00,0.00,0.00,0.00,0.00,0.00,0.05,0.01,0.00,0.07,0.00,0.12,0.02,0.04,0.00,0.04,0.00,0.00,0.00,0.08,0.12,0.04,0.00,0.08,0.09,0.00,0.04,0.00,0.00,0.10,0.00,0.00,0.02,0.01,0.00,0.00,0.01,0.07,0.00,0.00,0.06,0.10,0.00,0.12,0.00,0.01,0.09,0.00,0.00,0.00,0.00,0.05,0.11,0.07,0.03,0.04,0.06,0.07,0.00,0.00,0.08,0.00,0.00,0.00,0.04,0.03,0.12,0.00,0.00,0.00,0.00,0.00,0.00,0.00,0.00,0.12,0.00,0.16,0.00,0.00,0.09,0.00,0.01,0.00,0.00,0.03
0.00,0.07,0.00,0.02,0.00,0.00,0.00,0.00,0.00,0.09,0.05,0.00,0.00,0.03,0.04,0.00,0.00,0.00,0.00,0.00,0.18,0.02,0.05,0.01,0.00,0.02,0.24,0.00,0.12,0.05,0.06,0.00,0.02,0.05,0.00,0.00,0.00,0.02,0.11,0.00,0.17,0.04,0.00,0.00,0.00,0.08,0.03,0.00,0.00,0.10,0.18,0.00,0.03,0.00,0.00,0.00,0.00,0.04,0.00,0.00,0.00,0.00,0.11,0.05,0.00,0.07,0.00,0.01,0.00,0.00,0.11,0.00,0.17,0.00,0.09,0.00,0.09,0.00,-0.00,0.00,0.00,0.00,0.00,0.02,0.15,-0.00,-0.00,0.00,0.00,0.06,0.00,0.00,0.01,0.01,0.00,0.08,0.00,0.01,0.03,-0.00,0.00,0.09,0.06,0.05,0.00,0.04,0.02,0.03,0.00,0.00,0.00,0.00,0.00,0.00,0.00,0.03,0.02,0.00,0.03,0.00,0.09,0.00,0.00,0.00,0.00,0.00,0.07,0.09,0.08,0.04,0.00,0.08,0.00,0.00,0.00,0.00,0.10,0.07,0.11,-0.00,0.00,0.00,0.00,0.00,0.00,0.08,0.00,0.00,0.08,0.01,0.01,0.03,0.03,0.00,0.00,0.00,-0.00,0.10,0.00,0.14,0.01,0.00,0.09,0.00,0.01,0.02,0.00,0.00,0.13,0.00,0.00,0.00,0.02,0.04,0.02,0.02,0.03,0.00,-0.00,0.00,0.01,0.00,-0.00,0.00,0.00,0.01,0.07,0.01,0.11,0.00,0.04,0.06,0.00,0.00,0.00,0.01,0.06,0.02,0.06,0.05
0.02,0.06,0.00,0.00,0.00,0.11,0.06,0.08,0.05,0.02,0.00,0.00,0.12,0.06,0.05,0.11,0.12,0.04,0.15,0.02,0.06,0.04,0.00,0.00,0.00,0.00,0.00,0.00,0.10,0.02,-0.00,0.11,0.05,0.07,0.00,0.00,0.00,0.04,0.17,0.13,0.04,-0.00,0.00,0.00,0.00,0.04,0.00,0.13,0.02,0.03,0.02,0.10,0.04,0.00,0.00,0.03,0.04,0.13,0.01,0.07,0.00,0.11,0.00,0.00,0.10,0.07,0.00,0.00,0.09,0.00,0.00,0.00,0.00,0.06,0.09,0.09,0.00,0.09,0.00,0.01,0.01,0.01,0.00,0.11,0.13,0.05,0.00,0.15,0.02,0.02,0.00,0.04,0.00,0.05,0.00,0.05,0.00,0.01,0.06,-0.00,0.00,0.00,0.07,0.03,0.07,0.00,0.04,0.00,0.05,0.00,0.00,0.00,0.02,-0.00,0.00,0.05,0.03,0.02,0.07,0.05,0.00,0.04,0.00,0.00,0.01,0.00,0.14,0.00,0.00,0.00,0.00,0.00,0.04,0.08,0.00,0.00,-0.00,0.07,0.00,0.00,0.00,0.00,0.00,0.00,0.01,0.02,0.00,0.01,0.08,0.00,0.08,0.00,0.14,0.05,0.09,0.08,0.00,0.08,0.00,0.06,0.10,0.00,0.00,0.01,0.01,0.00,0.00,0.01,0.00,0.00,0.00,0.02,0.00,0.10,0.03,0.00,0.03,0.08,0.00,0.00,0.05,0.01,0.00,0.07,0.06,0.05,0.10,0.00,0.00,0.08,0.04,0.02,0.00,0.00,0.03,0.04,0.00,0.01,0.00,0.00
0.00,0.00,0.11,0.04,0.07,0.10,0.03,0.00,0.08,0.00,0.04,0.00,0.08,0.00,0.02,0.03,0.00,0.00,0.00,0.06,0.06,0.00,0.00,0.09,-0.00,0.00,0.09,0.04,0.07,0.00,0.00,0.09,0.01,0.06,0.00,0.00,0.00,0.18,0.00,0.11,0.00,-0.00,0.00,0.00,0.00,0.01,-0.00,0.05,0.00,0.00,0.12,0.00,0.10,0.09,0.01,0.00,0.00,0.05,0.07,0.00,0.00,0.00,0.00,0.00,0.09,0.00,0.19,0.03,0.00,0.00,0.00,0.08,0.00,0.04,0.00,0.00,0.00,0.00,0.00,0.00,0.00,0.11,0.00,0.03,0.10,0.00,0.02,0.06,0.01,0.00,0.00,0.00,0.01,0.00,0.18,0.00,0.00,0.05,0.06,0.00,0.18,0.03,0.00,0.00,0.07,0.01,0.11,0.08,0.00,0.00,0.04,0.06,0.19,0.09,0.05,0.04,0.08,0.00,0.00,0.06,0.06,0.00,0.14,0.00,0.10,0.02,0.00,0.07,0.00,0.07,0.05,0.00,0.04,0.00,0.10,0.06,0.00,0.15,0.00,0.00,0.07,0.00,0.08,0.08,0.00,0.00,0.00,0.11,0.11,0.01,0.00,0.13,0.08,0.00,0.00,0.04,0.00,0.00,0.07,0.00,0.00,0.00,0.04,0.00,0.00,0.07,0.02,0.08,0.00,0.00,0.06,0.00,0.13,0.01,0.06,0.00,0.04,0.13,0.00,0.05,0.02,0.00,0.07,0.05,0.04,0.04,0.00,0.03,0.00,0.01,0.00,0.00,0.07,0.04,0.00,0.03,0.00,0.06,0.00,0.04
0.73,0.63,0.00,0.02,0.02,0.00,0.00,0.00,0.08,0.00,0.00,0.00,0.80,0.08,0.00,0.05,0.00,0.00,0.10,0.00,0.05,0.16,0.68,0.13,0.00,0.01,0.09,0.00,0.11,0.05,0.06,0.00,0.00,0.70,0.16,0.72,0.57,0.00,0.00,0.01,0.00,0.65,0.00,0.15,0.00,0.73,0.00,0.68,0.76,0.06,0.02,0.05,0.78,0.00,0.00,0.00,0.08,0.00,0.66,0.02,0.00,0.61,0.66,0.14,0.00,0.68,0.00,0.00,0.00,0.00,0.02,0.79,0.00,-0.00,0.63,0.69,0.72,0.66,0.08,0.00,0.02,0.60,0.00,0.00,0.07,0.03,0.63,0.00,0.08,0.00,0.05,0.02,0.04,0.00,0.11,0.03,0.01,0.04,0.07,0.73,0.55,0.11,0.10,0.09,0.09,-0.00,0.48,0.60,0.18,0.07,0.03,0.03,0.76,0.79,0.02,0.00,0.00,0.00,0.04,0.05,0.00,0.78,0.00,0.73,0.00,0.00,0.00,0.10,0.65,0.05,0.61,0.00,0.77,0.00,0.00,0.07,0.02,0.01,0.00,0.04,0.03,0.00,-0.00,0.05,0.03,0.13,-0.00,0.00,0.76,0.14,0.00,0.03,0.00,0.00,0.17,0.02,0.05,0.61,0.07,0.00,0.00,0.59,0.73,0.13,0.00,0.10,0.00,0.02,0.00,0.65,0.01,0.09,0.00,0.10,0.77,0.00,0.15,0.04,0.05,0.08,0.05,0.00,0.00,0.01,0.00,0.00,0.78,0.11,0.00,0.67,0.00,0.00,0.00,0.00,0.10,0.00,0.10,0.00,0.09,0.05
0.90,0.59,0.03,0.00,0.00,0.00,0.00,0.00,0.09,0.07,0.07,0.00,0.72,0.00,-0.00,0.00,0.00,0.00,0.06,0.03,0.01,-0.00,0.71,0.20,0.21,0.04,0.05,0.00,0.02,0.08,0.00,0.00,0.01,0.73,0.00,0.51,0.61,0.02,0.03,0.00,0.04,0.70,0.00,0.00,0.05,0.85,0.10,0.65,0.57,0.00,0.00,0.07,0.59,0.00,0.13,0.04,0.13,0.09,0.68,0.06,0.00,0.49,0.55,0.05,0.00,0.62,0.00,0.01,0.05,0.00,0.02,0.66,0.00,0.00,0.77,0.69,0.69,0.67,0.00,0.01,0.00,0.64,0.06,0.00,0.00,0.14,0.52,0.00,0.00,0.07,-0.00,0.00,0.00,0.08,0.00,0.08,0.00,0.04,0.00,0.66,0.80,0.00,0.00,0.00,0.00,0.00,0.67,0.79,0.02,0.00,0.10,0.00,0.75,0.72,0.00,0.00,0.05,0.10,0.13,0.02,0.07,0.73,0.00,0.65,0.00,0.00,0.03,0.02,0.80,0.08,0.69,0.08,0.74,0.05,0.05,0.20,0.07,0.01,0.00,0.00,0.06,0.13,0.07,0.00,0.00,0.00,0.08,0.00,0.75,0.10,0.00,0.00,0.00,0.00,0.03,0.00,0.00,0.79,0.07,0.03,0.05,0.70,0.66,0.05,0.00,0.00,0.00,0.00,0.00,0.71,0.05,0.00,0.06,0.13,0.78,0.00,0.02,0.11,0.05,0.05,0.03,0.02,0.20,-0.00,0.07,0.00,0.57,0.10,0.00,0.54,0.00,0.00,0.10,0.00,0.00,0.00,0.10,0.01,0.13,0.00
0.01,0.00,0.03,0.00,0.60,0.65,0.05,0.36,0.03,0.00,0.00,0.00,0.07,0.61,0.00,0.01,0.01,0.05,0.41,0.00,0.00,0.01,0.00,0.00,0.19,0.10,0.50,0.09,0.45,0.08,0.02,0.47,0.00,-0.00,0.00,0.55,-0.00,0.56,0.03,0.00,0.00,0.02,0.49,0.40,0.00,0.50,0.00,0.00,0.45,0.00,0.00,0.07,0.46,0.70,0.07,0.05,0.00,0.00,0.05,0.12,0.00,0.13,0.05,0.02,0.52,0.52,0.05,0.04,0.05,0.07,0.00,0.57,0.00,0.06,0.00,0.07,0.00,0.03,0.08,0.16,0.00,0.01,0.05,0.00,0.16,0.00,0.00,0.05,0.00,0.00,0.03,0.13,0.00,0.12,0.00,0.50,0.16,0.61,0.53,0.50,0.00,0.05,0.00,0.09,0.64,0.03,0.02,0.00,0.04,0.00,0.00,0.06,0.00,0.01,0.00,0.00,0.05,0.48,-0.00,0.00,0.00,0.03,0.00,0.00,0.16,0.00,0.10,0.00,0.04,0.00,0.02,0.41,0.52,0.04,0.06,0.00,0.00,0.00,0.61,0.00,0.06,0.03,0.01,0.41,0.00,0.00,0.04,0.05,0.00,0.06,0.04,0.05,0.54,0.08,0.00,0.00,0.00,0.47,0.00,0.01,0.62,-0.00,0.05,0.15,0.05,0.00,0.12,0.00,0.01,0.36,0.00,0.00,0.00,0.00,0.61,0.06,0.00,0.04,-0.00,0.05,0.00,0.01,0.01,0.01,0.05,0.03,0.10,0.00,0.00,0.12,0.00,0.00,0.00,0.00,0.11,0.00,0.00,0.00,0.19,0.05
0.03,0.00,0.00,0.06,0.00,0.00,0.03,0.00,0.00,0.00,0.00,0.00,0.00,0.05,0.04,0.00,0.11,0.00,0.00,0.03,0.00,0.05,0.04,0.10,0.00,0.00,0.00,0.00,0.05,0.07,0.00,0.10,0.06,0.00,0.04,0.00,0.00,0.00,0.07,0.00,0.00,0.02,0.09,0.00,0.16,0.00,0.01,0.08,0.00,0.00,0.01,0.25,0.05,0.01,0.00,0.06,0.04,0.00,0.19,0.00,0.09,0.00,0.00,0.00,0.00,0.02,0.00,0.12,0.00,0.01,0.01,0.06,0.00,-0.00,0.02,0.10,0.00,0.05,0.00,0.00,0.00,0.00,0.01,0.00,0.06,0.08,0.03,0.03,0.20,0.07,0.00,0.00,0.19,0.03,0.00,-0.00,0.07,0.00,0.00,0.07,0.11,0.00,0.00,0.00,0.02,0.06,-0.00,-0.00,0.00,0.01,0.04,0.06,0.03,0.04,0.00,0.00,0.00,0.00,0.00,0.01,0.06,0.01,0.13,0.03,0.00,0.00,0.19,0.00,0.00,0.00,0.04,0.02,0.00,0.02,0.05,0.00,0.11,0.03,0.13,0.06,0.04,0.01,0.03,0.06,0.02,0.10,0.00,0.00,0.06,0.00,0.00,0.05,0.00,0.00,0.00,0.09,0.00,0.14,0.03,0.01,0.00,0.00,0.00,0.00,0.02,0.00,0.06,0.03,0.00,0.04,0.05,0.02,0.02,0.04,0.00,0.00,0.00,0.00,0.00,0.17,0.03,0.04,0.02,0.00,-0.00,0.00,0.03,0.00,0.04,0.18,0.00,0.00,0.00,0.02,0.00,0.00,0.00,0.00,0.05,0.00
0.03,0.02,0.00,0.00,0.00,0.00,0.00,0.00,0.00,0.00,0.10,0.01,0.05,0.00,0.06,0.00,0.10,0.00,0.14,0.00,0.00,0.08,0.00,0.00,0.00,0.02,0.00,0.00,0.09,0.00,0.00,0.14,0.09,0.02,0.00,0.11,0.06,0.00,0.09,0.03,0.04,0.00,0.00,0.00,0.00,0.00,0.00,0.00,0.05,0.14,0.01,0.06,0.00,0.00,0.02,0.04,0.00,0.04,0.01,0.06,0.08,0.10,0.00,-0.00,0.12,0.00,0.00,0.03,0.07,0.01,0.06,0.00,0.03,0.15,0.00,0.04,0.00,0.01,0.00,0.00,0.08,0.00,0.02,0.07,0.08,0.05,0.09,0.00,0.10,0.00,0.00,0.00,0.00,0.05,0.08,0.00,0.00,-0.00,0.07,0.00,0.04,0.06,0.05,0.00,0.14,0.08,-0.00,-0.00,0.02,0.05,0.12,0.00,0.00,0.06,0.00,0.00,0.00,0.00,0.00,0.02,0.05,0.00,0.00,0.00,0.02,0.04,-0.00,0.00,0.08,0.00,0.00,0.04,0.00,0.05,0.02,0.02,0.05,0.03,0.00,0.00,0.05,0.08,0.00,0.03,0.02,0.04,0.00,0.06,0.00,0.04,0.05,0.01,0.00,0.00,0.12,0.07,0.00,0.00,0.00,0.00,0.17,0.07,0.07,0.16,-0.00,0.01,0.00,0.00,0.02,0.14,0.11,0.05,-0.00,0.11,0.00,0.07,0.00,0.00,0.04,0.00,0.00,0.06,0.00,0.00,0.00,0.00,0.03,0.00,-0.00,0.08,0.25,0.04,0.00,0.08,0.11,0.00,0.00,0.04,0.10,0.00
0.00,0.00,0.04,0.00,0.52,0.55,0.12,0.45,0.07,0.00,0.07,0.00,0.00,0.63,0.01,0.02,0.02,0.10,0.48,0.00,0.14,0.13,0.11,0.00,0.02,0.00,0.48,0.00,0.35,-0.00,0.00,0.52,0.00,0.12,0.20,0.60,0.00,0.54,0.08,0.00,0.03,0.00,0.48,0.48,0.00,0.43,0.00,0.07,0.51,0.00,0.00,0.03,0.54,0.50,0.00,0.00,0.00,0.04,0.14,0.00,0.05,0.07,0.00,0.00,0.55,0.48,0.05,0.01,0.00,0.14,0.04,0.70,0.00,0.10,0.03,0.00,0.09,0.00,0.00,0.00,0.01,0.10,0.00,0.00,0.00,0.00,0.00,-0.00,-0.00,0.13,-0.00,0.00,0.08,0.00,0.10,0.57,0.00,0.45,0.39,0.63,-0.00,-0.00,0.05,0.00,0.56,0.03,0.00,0.00,0.00,-0.00,0.00,0.15,0.08,0.04,0.00,0.07,0.09,0.58,0.05,0.01,0.00,0.00,0.11,0.12,0.00,0.00,0.15,0.13,0.00,0.11,0.00,0.51,0.59,0.00,0.00,0.00,0.00,0.10,0.27,0.01,0.00,0.00,0.00,0.49,0.01,0.05,0.00,0.00,0.01,0.00,0.00,0.01,0.48,0.00,0.00,0.00,0.00,0.34,0.00,0.00,0.47,0.00,0.05,0.03,0.03,0.00,0.00,0.07,0.00,0.57,0.00,0.00,0.00,0.00,0.48,0.00,0.04,0.09,0.00,0.08,0.00,0.05,0.01,0.04,0.00,0.08,0.02,0.03,0.00,0.03,0.05,0.03,0.00,0.06,0.00,0.08,0.00,0.00,0.04,0.07
0.05,0.00,0.72,0.59,0.00,0.04,0.68,0.03,0.02,0.00,0.00,0.09,0.06,0.03,0.00,0.58,-0.00,0.06,0.59,0.00,0.14,0.57,0.63,0.45,0.00,0.44,0.05,0.00,0.45,0.00,0.05,0.00,0.01,0.00,0.56,0.04,0.64,0.03,0.00,0.00,0.45,0.00,0.03,0.00,0.05,0.72,0.00,0.00,0.10,0.55,0.00,0.54,0.06,0.02,0.00,0.47,0.00,0.00,0.00,0.06,0.00,0.01,0.46,0.54,0.04,0.10,0.00,0.57,0.00,0.10,0.07,0.00,0.54,0.63,0.47,0.00,0.04,0.00,0.12,0.00,0.08,0.53,0.00,0.50,0.05,0.00,0.01,0.00,0.00,0.00,0.04,0.15,0.01,0.12,0.00,0.01,0.00,0.13,0.10,0.00,0.00,0.00,0.70,0.08,0.52,0.00,0.00,0.00,0.00,0.03,0.03,0.69,0.05,0.03,0.00,0.00,0.00,0.07,0.04,0.11,0.65,0.00,0.00,0.63,0.05,0.52,0.00,0.69,0.03,0.01,0.11,0.02,-0.00,0.52,0.00,0.00,0.10,0.00,0.13,0.08,0.58,0.02,0.00,0.00,0.00,0.08,0.00,0.00,0.00,0.02,0.00,0.00,0.00,0.00,0.00,0.00,0.00,0.06,0.00,0.00,0.59,0.19,0.75,0.00,0.00,0.20,0.07,0.70,0.00,0.60,0.00,0.62,0.00,0.00,-0.00,0.00,0.00,0.02,0.09,0.04,0.00,0.20,0.00,0.60,0.09,0.00,0.00,0.00,0.09,0.02,0.00,0.59,0.10,0.07,0.19,0.06,0.01,0.12,0.00,0.07
0.04,0.02,0.00,0.00,0.02,0.08,0.00,0.14,0.00,0.00,0.00,0.00,0.02,0.00,0.02,0.00,0.00,0.00,0.00,0.00,0.00,0.01,0.08,0.01,0.06,0.00,0.00,0.05,0.00,0.00,0.02,-0.00,0.17,0.13,0.00,0.04,0.06,0.03,0.00,0.00,0.00,0.00,0.03,0.00,0.00,0.00,0.11,0.04,0.00,0.00,0.06,0.00,0.05,0.00,0.00,0.00,-0.00,0.05,-0.00,0.00,0.04,0.01,0.08,0.00,0.00,0.00,0.19,-0.00,0.08,0.00,0.07,0.03,0.00,0.00,0.03,0.00,0.00,0.03,0.00,0.09,0.00,0.00,0.00,0.06,0.05,0.04,0.18,0.02,-0.00,0.00,0.05,0.00,0.00,0.00,0.07,0.00,0.01,0.09,0.00,0.00,0.00,0.00,0.01,0.00,0.00,0.00,0.00,0.00,0.00,0.00,0.00,0.00,0.06,0.00,0.00,0.00,0.01,0.04,0.00,0.02,0.19,0.00,0.07,0.02,0.08,0.03,0.00,0.03,0.00,0.00,0.00,0.00,0.00,0.00,0.00,0.01,0.07,0.00,0.06,0.15,0.00,0.01,0.06,0.01,0.00,0.01,0.00,0.01,0.00,0.01,0.00,0.00,0.04,0.00,0.00,0.01,0.00,0.00,0.00,0.00,0.04,0.13,0.06,0.06,0.00,0.03,0.09,0.09,0.00,0.00,0.12,0.00,0.00,0.00,0.01,0.00,0.00,-0.00,0.03,0.07,0.00,0.02,0.05,0.06,0.00,0.04,0.07,0.09,0.00,0.00,0.10,0.00,0.03,0.06,0.07,0.00,0.00,0.02,0.10,0.00
0.02,0.04,0.00,0.00,0.08,0.00,0.00,0.11,0.00,0.00,0.17,0.07,0.00,0.07,0.00,0.00,0.00,0.17,0.00,0.09,0.00,0.01,0.10,0.05,0.11,0.00,0.00,0.05,0.00,0.08,0.00,0.06,0.12,0.00,0.00,0.00,0.09,0.00,0.10,0.00,0.00,0.03,0.00,0.06,0.06,0.06,0.20,0.00,0.00,0.04,0.03,0.00,0.02,0.00,0.00,0.03,0.01,0.11,0.03,0.00,0.00,0.00,0.03,0.00,0.00,-0.00,0.00,0.00,0.00,0.00,0.06,0.00,0.00,0.00,0.03,0.00,0.00,0.00,0.00,0.06,0.00,0.00,0.00,0.08,0.00,0.00,0.08,0.08,0.01,0.05,0.02,0.00,0.00,0.00,0.00,0.02,0.00,0.00,0.00,0.10,0.02,0.00,0.09,0.01,0.04,0.00,0.06,0.00,0.00,0.00,0.04,0.00,0.00,0.12,0.05,0.02,0.05,0.06,0.01,0.03,0.00,0.00,0.09,0.05,0.00,0.04,0.07,0.00,0.00,0.00,0.00,-0.00,0.09,0.03,0.00,0.04,0.00,-0.00,0.00,0.00,-0.00,0.00,0.00,0.03,0.00,0.07,0.00,0.08,0.00,0.02,0.06,0.00,0.00,0.04,0.05,0.00,0.12,0.05,0.02,0.03,0.03,0.01,0.05,0.06,0.00,0.00,0.06,0.00,0.01,0.00,0.07,0.00,0.00,0.11,0.00,0.02,0.03,0.00,0.00,0.00,0.02,0.00,0.09,0.09,0.00,0.13,0.07,0.09,0.00,0.00,0.00,0.10,0.06,0.03,0.08,0.10,0.00,0.05,0.00,0.00
0.66,0.67,0.00,0.00,0.00,0.00,0.02,0.00,0.01,0.06,0.04,0.07,0.67,0.00,0.00,0.02,0.22,0.07,0.08,0.01,0.08,0.00,0.75,0.00,0.00,0.03,0.03,0.09,0.02,0.00,0.00,0.03,0.01,0.71,0.00,0.74,0.65,0.06,0.01,0.08,0.00,0.66,0.09,0.00,0.01,0.70,0.00,0.69,0.73,0.00,0.00,0.00,0.72,0.00,0.05,0.06,0.02,0.03,0.69,0.00,0.00,0.77,0.69,0.00,0.00,0.63,0.00,0.00,0.07,0.02,0.00,0.88,-0.00,0.00,0.69,0.63,0.73,0.70,0.00,0.00,0.04,0.47,0.00,0.00,0.06,0.00,0.68,0.00,0.00,0.10,0.02,0.00,0.07,0.00,0.00,0.00,0.00,0.00,0.00,0.65,0.71,0.01,0.00,0.00,0.08,0.07,0.82,0.77,0.10,0.04,0.02,0.00,0.70,0.61,0.09,0.02,0.05,0.00,0.02,0.00,0.00,0.72,0.00,0.63,0.00,0.00,0.00,0.18,0.57,0.00,0.72,0.00,0.72,0.00,0.00,0.00,0.13,0.08,0.04,0.00,0.07,0.07,0.00,0.00,0.10,0.00,0.00,0.00,0.80,0.00,0.05,0.01,0.00,0.00,0.00,0.00,0.00,0.71,0.00,0.06,0.00,0.61,0.68,0.01,0.00,0.06,0.05,0.10,0.09,0.58,0.00,0.12,0.03,0.02,0.66,0.07,0.00,0.08,0.05,0.00,0.00,0.05,0.02,0.08,0.00,0.04,0.68,0.00,0.00,0.66,0.00,0.01,0.07,0.00,0.00,0.00,0.00,0.00,0.13,0.00
0.03,0.15,-0.00,0.06,0.07,0.04,0.08,0.00,0.00,0.00,0.05,0.00,0.00,0.04,0.08,0.00,0.00,0.00,0.01,0.00,0.07,0.00,0.02,0.09,0.02,0.01,0.00,0.00,0.00,0.00,0.00,0.00,0.00,0.00,0.08,0.09,0.04,0.00,0.07,0.04,0.05,0.00,0.00,-0.00,0.06,0.00,0.00,0.12,0.02,0.11,0.00,0.04,0.02,0.01,0.05,0.04,0.01,0.00,0.10,0.00,0.06,0.00,0.20,0.12,0.06,0.00,0.00,0.00,-0.00,0.00,0.00,0.13,0.00,0.07,0.00,0.10,0.00,0.00,0.12,0.00,0.03,0.05,0.04,0.00,0.03,-0.00,0.08,0.06,0.00,0.01,0.02,0.00,0.08,0.13,0.00,0.00,-0.00,0.00,0.00,0.03,0.08,0.00,0.00,0.03,0.01,0.00,0.08,0.00,0.00,0.05,0.00,0.00,0.10,0.00,0.05,0.00,0.11,0.02,0.02,0.00,0.02,0.00,0.03,0.05,0.05,0.05,0.00,0.00,0.00,0.00,0.00,0.00,0.05,0.00,0.03,0.02,0.00,0.00,0.10,0.05,0.02,0.00,0.07,0.00,0.00,0.00,0.00,0.05,0.03,0.00,0.13,0.02,0.07,0.07,0.00,0.09,0.00,0.00,0.11,0.00,0.06,0.00,0.00,0.09,0.03,0.00,0.00,0.08,0.13,0.12,0.17,0.14,0.07,0.00,0.08,0.00,0.10,0.00,0.01,0.00,0.00,0.02,0.00,0.20,0.08,0.02,0.00,0.07,0.04,0.00,0.00,-0.00,0.00,0.00,0.00,-0.00,0.02,0.00,0.00,0.06
0.63,0.66,0.00,0.00,0.00,0.01,0.08,0.05,0.07,0.00,0.00,0.00,0.68,0.01,0.00,0.00,0.01,0.00,0.00,0.02,0.00,0.04,0.60,0.02,0.08,0.00,0.00,0.05,0.05,0.04,0.14,0.00,0.04,0.53,0.10,0.67,0.61,0.02,0.00,0.00,0.00,0.66,0.00,0.00,0.05,0.76,0.00,0.86,0.73,0.05,0.00,0.00,0.68,0.00,0.00,0.00,0.00,0.09,0.75,0.02,0.00,0.61,0.60,0.00,0.02,0.72,0.00,0.02,0.00,0.00,0.05,0.54,0.00,0.00,0.74,0.75,0.55,0.78,0.12,0.00,0.00,0.61,0.04,0.00,0.08,0.00,0.73,0.00,0.01,0.00,0.05,0.01,0.02,0.00,0.04,-0.00,0.03,0.00,0.00,0.69,0.76,0.00,0.07,0.00,0.13,0.04,0.65,0.58,0.00,0.02,0.05,0.02,0.66,0.65,0.00,0.00,0.00,0.16,0.16,0.00,0.05,0.51,0.00,0.67,-0.00,0.03,0.00,0.00,0.64,0.09,0.72,0.00,0.59,0.01,0.11,0.11,0.00,0.00,0.00,0.01,0.02,0.00,0.02,0.01,0.08,0.09,0.06,0.01,0.84,0.05,0.00,0.00,0.02,0.00,0.00,0.05,0.00,0.66,0.00,0.06,0.00,0.75,0.68,0.05,0.04,0.00,0.06,0.00,0.00,0.72,0.00,0.11,0.02,0.00,0.43,0.00,0.11,0.03,0.03,0.02,0.00,0.01,0.04,0.03,0.00,0.00,0.66,0.00,0.03,0.65,0.00,0.08,0.00,0.00,0.00,0.00,0.00,0.00,0.08,0.15
0.17,0.00,0.02,0.14,0.02,0.00,0.00,0.00,0.00,0.07,0.05,0.00,0.11,0.05,0.06,0.00,0.00,0.03,0.00,0.07,0.04,0.00,0.00,0.01,0.00,-0.00,0.03,0.07,0.00,0.01,0.09,0.00,0.06,0.00,0.00,0.00,0.00,0.06,0.01,0.00,0.00,0.04,0.00,0.00,0.12,0.00,0.00,0.00,0.07,0.05,0.01,0.00,0.11,0.06,0.02,0.00,0.00,0.02,0.00,0.00,0.11,0.09,0.00,0.08,0.00,0.00,0.03,0.00,0.00,0.00,0.14,0.08,0.08,0.02,0.06,0.00,0.00,0.00,0.00,0.00,0.05,0.00,0.00,0.04,0.00,0.00,0.10,0.06,-0.00,0.08,0.00,0.00,0.00,0.00,0.06,0.00,0.19,0.00,0.00,0.00,0.00,0.07,0.00,0.09,0.00,0.01,0.00,0.00,0.03,0.06,0.00,0.03,0.02,0.09,0.02,0.00,0.00,0.01,0.00,0.00,0.04,0.11,0.00,0.05,0.00,0.12,0.00,0.00,0.00,0.10,0.06,0.00,0.00,0.00,0.00,0.00,0.12,0.00,0.00,0.00,0.00,0.02,0.01,0.19,0.00,0.00,-0.00,0.08,0.10,0.00,0.00,0.00,0.00,0.00,0.00,0.11,0.00,0.00,0.08,0.05,0.00,0.00,0.00,0.00,0.06,0.02,0.08,0.04,0.01,0.00,0.00,-0.00,0.01,0.00,0.10,0.00,0.13,0.05,0.01,0.00,0.00,0.00,0.00,0.00,0.07,0.04,-0.00,0.00,0.00,0.06,0.00,0.00,0.00,0.10,0.07,0.10,0.00,0.00,0.13,0.12
0.00,0.05,0.16,0.00,0.00,0.02,0.00,0.02,0.00,0.00,0.06,0.04,0.00,0.13,0.01,0.00,0.05,0.07,0.00,0.11,0.11,0.00,0.00,0.07,0.14,0.10,0.00,0.00,0.03,0.01,0.10,0.00,0.12,0.06,0.02,0.06,0.00,0.01,0.00,0.00,0.00,0.01,0.06,0.20,0.00,0.09,0.00,0.03,0.04,0.04,0.02,0.00,0.06,0.02,0.00,0.06,0.08,0.00,0.00,0.00,0.18,0.08,0.03,0.03,0.01,0.00,0.01,0.00,0.11,0.00,0.01,0.00,0.07,0.00,0.01,0.01,0.00,0.07,0.11,0.00,0.08,-0.00,0.03,0.00,0.04,0.00,0.08,0.00,0.00,0.10,0.08,0.07,0.05,0.00,0.11,0.00,0.00,0.00,0.03,0.00,0.08,0.00,0.05,0.14,0.00,0.09,0.00,0.04,0.00,0.03,0.03,0.03,0.08,0.00,0.03,0.04,0.00,0.00,0.04,0.00,0.00,0.06,0.02,0.00,0.00,0.16,0.00,0.00,0.00,0.02,0.00,0.07,0.00,0.08,0.08,0.12,0.00,0.02,0.00,0.01,0.04,0.05,0.02,0.00,0.07,0.00,0.04,0.00,0.07,0.02,0.04,0.03,0.04,0.08,0.08,0.00,0.00,0.07,-0.00,0.05,0.00,0.00,0.01,0.04,0.00,0.08,0.00,0.06,0.00,-0.00,0.01,0.00,0.02,0.00,0.01,0.01,0.07,0.00,0.01,0.08,0.09,0.00,0.00,0.00,0.00,0.00,0.02,0.00,0.06,0.05,0.00,0.10,0.00,0.01,0.08,0.00,0.00,0.02,0.05,0.00
0.20,0.09,0.00,0.03,0.03,0.09,0.01,0.10,0.00,0.04,0.10,0.00,0.00,0.03,-0.00,0.03,0.00,0.00,0.00,0.00,0.04,0.04,-0.00,0.00,0.00,0.02,0.16,0.00,0.05,0.00,0.00,0.10,0.00,0.00,0.08,0.00,0.02,0.13,0.10,0.06,0.00,0.11,0.05,0.00,0.09,0.00,0.00,0.10,0.04,0.09,0.02,-0.00,0.16,0.00,0.00,0.07,0.00,0.06,0.00,0.14,0.19,0.00,0.00,0.00,0.05,0.15,0.00,0.00,0.09,0.00,0.00,0.04,0.00,0.00,0.04,0.01,0.04,0.00,0.00,0.00,0.02,0.03,0.00,0.02,0.10,0.00,0.09,0.00,0.00,0.00,-0.00,0.00,0.00,0.05,0.16,0.00,0.00,0.00,0.00,0.00,0.06,0.02,0.00,0.07,0.00,0.00,0.00,0.00,0.17,-0.00,0.07,-0.00,-0.00,0.08,0.04,0.07,0.00,0.00,0.24,0.00,0.10,0.00,0.11,0.04,0.05,0.08,0.00,0.00,0.04,0.07,0.01,0.08,0.00,0.02,0.00,0.00,0.10,0.01,0.00,-0.00,0.00,0.00,0.06,0.05,0.00,0.00,0.00,0.00,0.00,0.00,0.12,0.07,0.06,0.00,0.00,0.04,0.00,0.00,0.00,0.00,0.07,0.04,0.00,0.01,0.07,0.04,0.00,0.03,0.10,0.00,0.00,0.04,0.00,0.00,0.00,0.04,0.00,0.14,0.03,0.06,0.01,0.03,0.00,0.00,0.02,0.00,0.02,0.12,0.00,0.00,0.00,0.00,0.11,0.00,0.00,0.18,0.02,0.00,0.02,0.00
0.00,0.00,0.00,0.00,0.01,0.00,0.00,0.03,0.00,0.05,0.00,0.11,0.07,0.08,0.00,0.00,0.07,0.00,0.00,0.00,0.00,0.00,0.00,0.02,0.00,0.00,0.00,0.00,0.02,0.05,0.00,0.05,0.00,0.09,0.04,0.00,0.00,0.05,0.13,0.00,0.00,0.14,0.00,0.00,0.00,0.02,0.09,0.00,0.00,0.07,0.11,0.00,0.02,0.03,0.07,0.00,0.00,0.05,0.00,0.00,0.01,0.01,0.00,0.07,0.00,0.00,0.00,0.10,0.00,0.00,0.00,0.00,0.00,0.00,0.05,0.06,0.00,0.00,0.00,0.00,0.00,0.09,0.00,0.00,0.04,0.14,0.00,0.00,0.00,0.05,0.02,0.00,0.00,0.12,0.00,0.06,0.03,0.02,0.00,-0.00,0.02,0.15,0.03,0.00,0.00,0.01,0.00,0.00,0.00,0.06,0.02,0.05,0.08,0.00,0.00,0.00,0.00,0.02,0.00,0.03,0.00,0.00,0.00,0.17,0.00,0.05,0.00,0.02,0.00,0.00,0.00,0.11,0.00,-0.00,0.00,0.00,0.00,0.00,0.00,0.00,0.08,0.03,0.00,0.13,0.00,0.00,0.00,0.03,0.00,0.00,0.03,0.00,0.00,0.00,0.13,0.10,0.00,0.00,0.05,0.13,0.07,0.00,0.03,0.05,0.00,0.00,0.00,0.00,0.03,0.06,-0.00,0.00,0.01,0.00,0.01,0.11,0.18,0.00,0.00,0.01,0.11,0.00,-0.00,0.00,0.00,0.01,0.01,0.00,0.04,0.05,0.00,0.09,0.01,0.00,0.00,0.00,0.03,0.02,0.06,0.00
0.63,0.77,0.02,0.00,0.00,0.03,0.07,0.00,0.07,0.00,0.00,0.00,0.67,0.04,0.08,0.00,0.00,0.05,0.00,0.00,0.00,0.02,0.61,0.09,0.03,0.06,0.00,0.00,0.00,0.10,0.05,0.13,0.00,0.65,0.00,0.81,0.66,0.00,0.00,0.00,0.05,0.73,-0.00,0.04,0.00,0.64,0.00,0.74,0.66,0.04,0.08,0.00,0.80,0.00,0.12,0.14,0.06,0.13,0.74,0.02,0.00,0.82,0.70,0.02,0.12,0.72,0.00,0.00,0.00,0.00,0.00,0.71,0.00,0.10,0.68,0.67,0.74,0.67,0.01,0.00,0.03,0.71,0.00,0.00,0.06,0.00,0.64,0.00,0.05,0.05,0.00,0.00,0.03,0.07,0.00,0.06,0.04,0.02,0.01,0.71,0.63,0.04,-0.00,0.03,0.00,0.00,0.65,0.63,0.11,0.06,0.00,0.00,0.71,0.74,0.00,0.00,0.02,0.00,0.00,0.02,0.02,0.60,0.04,0.68,0.04,0.12,0.04,0.05,0.67,0.02,0.57,0.04,0.75,0.00,0.04,0.00,0.00,0.00,0.00,0.05,0.03,0.00,0.00,0.00,0.00,0.13,0.07,0.00,0.60,0.00,0.04,0.12,0.00,0.00,0.00,0.00,0.00,0.79,0.00,0.04,0.12,0.65,0.51,0.00,0.00,0.03,0.00,-0.00,0.05,0.69,0.00,0.00,0.11,0.00,0.66,0.04,0.04,0.00,0.00,0.08,0.18,0.22,0.00,0.00,0.00,0.08,0.65,0.00,0.00,0.73,0.04,0.09,0.00,0.00,0.00,0.01,0.00,0.00,0.02,0.07
0.00,0.00,0.00,0.00,0.01,0.00,0.04,0.00,0.09,0.07,0.07,0.02,0.00,0.00,0.10,0.12,-0.00,0.16,0.00,0.13,-0.00,0.00,0.00,0.02,-0.00,0.02,0.00,0.00,0.00,0.10,0.00,0.00,0.00,0.00,0.02,0.04,0.00,0.00,0.00,0.11,0.00,0.00,0.00,0.00,0.00,0.00,0.01,0.00,0.05,0.02,0.00,0.00,0.02,0.00,0.00,0.00,0.05,0.00,0.00,0.00,0.02,0.02,0.00,0.13,0.00,0.00,0.00,0.00,0.03,0.12,0.09,0.00,0.10,0.00,0.00,0.00,0.00,0.02,0.07,0.00,0.00,0.00,0.00,0.06,0.00,0.07,0.03,0.00,0.00,0.29,0.00,0.05,0.04,0.06,0.07,-0.00,0.04,0.07,0.00,0.05,0.00,0.00,0.00,0.13,0.10,0.08,0.00,0.00,0.00,0.03,0.00,0.00,0.00,0.00,-0.00,0.09,0.00,0.22,0.03,-0.00,0.08,0.14,0.00,0.04,0.00,0.03,0.00,0.04,0.00,0.00,0.00,0.06,0.03,0.00,0.01,0.05,0.00,0.00,0.00,0.05,0.00,0.00,0.02,0.00,0.07,0.10,0.01,0.00,0.01,0.04,0.10,0.02,0.00,0.05,0.00,0.00,0.00,0.12,0.00,0.00,0.00,0.00,0.00,0.04,0.00,0.00,0.00,0.00,0.02,0.01,0.00,0.18,0.00,0.00,0.05,0.00,0.11,0.00,0.03,0.21,0.14,0.00,0.15,0.00,0.00,0.00,0.07,0.00,0.09,0.03,0.05,0.02,0.07,0.00,0.02,0.00,0.00,0.01,0.05,0.11
0.01,0.00,0.58,0.60,0.46,0.49,0.71,0.46,-0.00,0.00,0.08,0.00,0.00,0.53,0.00,0.67,0.03,0.00,1.09,0.01,0.15,0.63,0.55,0.65,0.00,0.45,0.49,0.00,1.02,0.01,0.00,0.50,0.06,0.16,0.46,0.46,0.59,0.50,0.06,0.00,0.56,0.00,0.44,0.50,0.00,1.21,0.00,0.00,0.54,0.67,0.08,0.56,0.56,0.46,0.00,0.68,0.02,0.12,-0.00,0.12,0.10,0.00,0.58,0.42,0.55,0.50,0.00,0.59,0.15,0.00,0.03,0.59,0.50,0.50,0.49,0.16,0.00,-0.00,0.00,0.00,0.08,0.62,0.08,0.63,0.07,-0.00,0.00,0.03,0.00,0.00,0.07,0.01,0.00,0.00,0.01,0.51,0.00,0.46,0.58,0.39,0.03,0.07,0.56,0.05,1.14,0.00,0.25,0.18,0.15,0.09,0.02,0.68,0.00,0.00,0.05,0.11,0.00,0.58,0.00,0.07,0.73,0.01,0.00,0.64,0.12,0.60,0.00,0.69,0.10,0.00,0.05,0.42,0.43,0.66,0.11,0.00,0.00,0.06,0.62,0.00,0.56,0.00,0.00,0.52,0.01,0.00,0.00,0.00,0.05,0.08,0.00,0.06,0.37,0.00,0.11,0.06,0.00,0.43,0.00,0.00,0.99,0.02,0.70,0.05,0.01,0.16,0.00,0.41,-0.00,0.92,0.03,0.64,0.05,0.15,0.58,0.00,0.15,0.01,0.01,0.02,0.00,0.12,0.00,0.41,0.05,0.10,0.02,0.00,0.00,0.00,0.11,0.56,0.03,0.04,0.00,0.06,-0.00,0.10,0.09,0.00
0.00,-0.00,0.02,0.00,0.02,0.00,0.00,0.02,0.10,0.00,0.00,0.00,0.00,0.03,0.00,0.03,0.00,0.07,0.00,0.00,0.00,-0.00,0.12,0.00,0.00,0.00,-0.00,0.14,0.00,0.06,0.00,0.00,0.07,0.00,0.06,0.00,0.14,0.00,0.02,0.08,0.00,0.05,0.07,0.00,0.00,0.03,0.00,0.12,0.01,0.03,0.06,0.00,0.06,0.00,0.08,0.03,0.00,0.05,0.08,0.00,0.02,0.00,0.00,0.04,0.07,0.00,0.03,0.01,0.02,0.02,0.00,0.00,0.09,0.04,0.00,0.03,0.08,0.07,0.00,0.02,0.01,0.09,0.02,0.01,0.00,0.05,0.00,0.08,0.00,0.00,0.18,0.10,0.17,0.12,0.06,0.00,0.00,0.06,0.01,0.12,0.07,0.03,0.00,0.00,0.01,0.07,0.00,0.01,0.05,0.00,0.06,0.06,-0.00,0.02,0.05,0.00,0.13,0.00,0.00,-0.00,0.00,0.00,0.00,0.00,0.00,0.00,0.00,0.15,0.00,0.06,0.00,0.03,0.00,0.04,0.00,0.05,0.00,0.00,0.00,0.00,0.00,0.00,0.00,0.09,0.00,0.04,0.07,0.00,0.00,0.00,0.00,0.08,0.03,0.07,0.04,0.00,0.00,0.00,0.00,0.06,0.05,0.00,0.00,0.03,0.00,0.05,0.00,0.20,0.00,0.00,0.00,0.00,0.09,0.00,0.08,0.06,0.02,0.03,0.00,0.01,0.05,0.05,0.03,0.13,0.05,0.00,0.00,0.01,0.11,0.00,0.08,0.00,0.00,-0.00,-0.00,0.03,0.00,0.00,0.06,0.11
0.00,0.03,0.00,-0.00,0.00,0.00,-0.00,0.00,0.12,0.00,0.01,0.09,0.00,0.00,0.00,-0.00,0.00,0.00,0.01,0.00,0.00,0.04,0.01,0.00,0.02,0.01,0.00,0.04,0.00,0.06,0.13,0.11,0.11,0.00,0.00,0.00,0.00,0.00,0.00,0.00,0.00,0.00,0.01,0.00,0.00,0.05,0.03,0.00,0.00,0.00,0.04,0.07,0.00,0.06,0.09,0.00,0.00,0.00,0.00,0.08,0.09,0.02,0.00,0.02,0.00,0.09,0.00,0.00,0.02,0.05,0.00,0.00,0.02,-0.00,0.08,0.00,0.00,0.00,0.05,-0.00,0.08,0.04,0.00,0.06,0.00,0.00,0.00,-0.00,0.00,0.12,0.01,0.09,0.06,0.00,0.00,0.00,-0.00,0.00,0.04,0.00,0.00,0.02,0.00,0.00,0.05,0.00,0.04,0.00,0.00,0.10,0.00,0.06,0.00,0.01,0.07,0.00,0.00,0.00,0.15,0.00,0.03,0.00,0.02,0.06,0.10,0.13,-0.00,0.00,0.04,0.00,0.00,0.01,0.03,0.05,0.01,0.00,0.00,0.01,0.03,0.07,0.00,0.02,0.00,0.00,0.00,0.00,0.00,0.00,0.04,0.00,0.00,0.00,0.10,0.01,0.00,0.00,0.11,0.00,0.00,0.10,0.00,0.00,0.00,-0.00,0.03,0.03,0.10,0.05,0.09,0.15,0.00,0.01,0.06,0.00,0.00,0.10,0.00,0.04,0.02,0.02,0.00,0.05,0.21,0.05,-0.00,-0.00,0.00,0.00,0.06,0.00,0.00,0.04,0.00,0.00,0.11,0.00,0.01,0.00,0.07,0.00
0.01,0.06,0.06,0.00,0.02,0.04,0.01,0.00,0.00,0.00,0.01,0.00,0.03,0.00,0.00,0.10,0.06,0.09,0.00,0.00,0.00,0.00,0.05,0.07,0.03,0.06,0.07,0.04,0.00,0.00,0.00,0.00,0.05,0.00,0.00,0.03,0.00,0.10,0.00,0.00,0.00,0.06,0.03,0.04,0.00,-0.00,0.12,0.00,0.08,0.00,0.00,0.00,0.02,0.04,0.09,0.00,0.00,0.09,0.14,0.05,0.04,0.08,0.00,0.01,0.00,0.15,0.00,0.07,0.02,0.00,0.04,0.06,0.00,0.02,0.02,0.01,0.03,0.05,0.05,0.00,0.00,0.00,0.00,0.04,0.03,0.05,0.00,0.00,0.02,-0.00,0.04,0.00,0.20,0.00,0.02,0.00,0.00,0.00,0.01,0.18,0.17,0.10,0.07,0.00,0.04,0.07,-0.00,0.06,0.00,0.00,0.01,0.09,0.00,0.00,0.10,0.09,0.08,0.00,0.05,0.09,0.00,0.00,0.00,0.02,0.00,0.10,0.00,0.05,0.00,0.06,0.00,0.05,0.06,0.00,0.02,0.00,0.17,0.00,0.09,0.00,0.09,0.00,0.01,-0.00,0.00,0.00,0.00,0.12,0.00,0.07,0.00,0.00,0.00,0.09,0.00,0.00,-0.00,0.00,0.00,0.02,0.07,0.04,0.00,0.00,0.00,0.00,0.02,0.00,0.00,0.00,0.00,0.00,0.01,0.04,0.08,0.10,0.04,0.00,0.07,0.08,0.00,0.00,0.00,0.04,0.05,0.18,0.00,0.05,0.00,0.00,0.00,0.02,0.04,0.05,0.00,0.00,0.00,0.00,0.00,0.09
0.00,0.04,0.06,0.00,0.00,0.00,0.06,0.00,0.07,0.00,0.06,0.00,0.00,0.00,-0.00,0.01,0.00,0.06,0.01,0.05,0.07,0.00,0.03,0.08,0.00,0.00,0.00,0.00,0.09,0.05,0.06,0.02,0.10,0.05,0.00,0.02,0.01,0.00,0.00,0.04,0.00,-0.00,0.00,0.04,0.00,0.00,0.00,0.00,0.10,0.02,0.03,0.03,0.00,0.00,0.00,0.00,0.00,0.00,0.03,0.00,0.08,0.00,0.15,0.00,0.00,0.00,0.11,0.00,0.00,0.04,0.00,0.09,0.00,0.00,0.08,0.00,0.08,0.06,0.00,0.08,0.14,0.04,0.00,0.08,0.00,0.00,0.00,0.09,0.22,0.01,0.08,0.03,0.07,0.00,0.04,0.10,0.00,-0.00,0.03,0.15,0.09,0.02,0.08,0.00,0.03,0.05,0.12,0.00,0.00,0.00,0.07,0.01,0.02,0.00,0.00,0.00,0.08,0.01,0.00,0.00,0.01,0.00,0.04,0.00,0.00,-0.00,0.00,0.00,0.08,0.00,0.01,0.07,0.00,0.00,0.00,0.00,0.03,0.05,0.01,0.00,0.00,0.02,0.08,0.06,0.00,0.09,0.00,0.01,0.00,0.00,0.00,0.00,0.03,0.05,0.00,0.00,0.00,0.00,0.05,0.11,0.08,0.07,0.00,0.00,0.03,0.00,0.00,0.13,0.02,0.00,0.00,0.01,0.00,0.03,0.01,0.01,0.06,0.04,0.03,0.00,0.00,0.01,0.00,0.00,0.00,0.00,0.03,0.00,0.00,0.00,0.00,0.12,0.00,0.00,0.00,0.03,0.03,0.00,0.05,0.03
0.00,0.00,0.00,0.02,0.00,0.00,0.00,0.00,0.00,0.03,0.00,0.06,0.06,0.05,0.00,0.08,0.00,0.00,0.00,0.00,0.00,0.00,-0.00,0.05,0.00,0.00,0.00,0.00,0.00,0.00,0.08,0.00,0.07,0.01,0.00,0.10,0.00,0.11,0.00,0.00,0.07,0.00,0.03,0.04,0.08,0.00,-0.00,0.05,0.03,0.00,0.13,0.08,0.00,0.04,0.04,0.00,0.00,0.01,0.09,0.07,0.00,0.00,0.00,0.00,0.00,0.00,0.00,0.03,0.12,0.06,0.06,0.00,0.03,0.06,0.00,0.00,0.02,0.05,0.13,0.12,0.00,0.00,0.00,0.00,0.01,0.02,0.00,0.00,0.04,0.00,0.00,0.07,0.01,0.00,0.00,0.00,0.04,0.05,0.13,0.09,0.03,0.03,0.08,0.00,0.03,0.03,0.00,0.00,0.00,0.05,0.00,0.00,0.00,0.02,0.00,0.00,0.00,0.08,0.17,0.00,0.10,0.03,0.00,0.01,0.00,0.00,0.03,0.04,0.03,0.11,0.00,0.05,-0.00,0.05,0.00,0.00,0.00,0.04,0.01,0.03,0.00,0.00,0.10,0.00,0.00,0.00,0.00,0.02,0.00,0.05,0.00,0.12,0.00,0.02,0.00,0.00,0.00,0.00,0.12,0.07,0.09,0.06,0.00,0.10,0.02,0.00,0.01,0.03,0.00,0.03,0.09,0.00,0.13,0.01,0.00,0.00,0.00,0.00,0.00,0.00,0.00,0.14,0.04,0.02,0.00,0.02,0.09,0.00,0.00,0.00,0.00,0.11,0.00,0.12,-0.00,0.01,0.00,0.00,0.00,0.00
0.00,0.00,0.00,0.00,0.00,0.00,0.00,0.00,0.00,0.00,0.08,0.00,0.05,0.00,0.12,0.00,0.01,0.00,0.00,0.10,0.00,0.00,0.00,0.00,0.10,0.00,0.00,0.00,0.00,0.00,0.00,0.01,0.00,0.00,0.00,0.07,0.00,0.00,0.09,0.13,0.00,0.06,0.00,0.08,0.03,0.03,0.01,0.00,0.00,0.09,0.01,0.00,0.00,0.00,0.00,0.01,0.04,0.00,0.05,0.00,0.05,0.00,0.10,0.00,0.09,0.06,0.00,0.03,0.06,0.08,0.00,0.00,0.03,0.00,-0.00,0.00,0.04,-0.00,0.09,0.00,0.02,0.00,0.00,0.03,0.09,0.16,0.00,0.00,0.09,0.00,0.00,0.00,0.04,0.00,0.00,0.05,0.01,0.01,0.11,0.01,0.08,0.00,0.01,0.00,0.00,0.06,0.00,0.00,0.00,0.02,0.00,0.00,0.05,0.00,0.07,0.11,0.00,0.00,0.00,0.03,0.00,0.04,0.00,0.00,0.00,0.00,0.00,0.03,0.06,0.00,0.00,0.03,0.05,0.00,0.00,0.08,0.20,0.07,0.03,0.00,0.08,0.02,0.14,-0.00,0.07,0.05,0.10,0.00,0.10,0.00,0.02,0.00,0.00,0.15,0.02,0.00,0.00,0.00,0.01,-0.00,0.03,0.13,0.00,0.00,0.01,0.00,0.00,0.10,0.11,0.00,0.06,0.00,0.02,0.01,0.12,0.00,0.00,0.05,0.08,0.01,0.06,0.02,0.00,0.00,0.04,0.00,0.00,0.00,0.00,0.03,0.00,0.09,0.03,0.00,0.12,0.07,0.05,0.00,0.00,0.09
0.00,0.00,0.05,0.00,0.44,0.50,0.00,0.49,0.06,0.01,0.00,0.05,0.00,0.40,0.00,0.05,0.00,0.06,0.41,0.01,0.00,0.00,0.06,0.03,0.00,0.00,0.34,0.02,0.51,0.07,0.00,0.58,-0.00,0.00,0.00,0.54,0.00,0.63,0.01,0.01,0.11,0.00,0.56,0.48,0.10,0.58,0.04,0.03,0.53,0.00,0.00,0.02,0.59,0.68,0.00,0.11,0.07,0.00,0.01,0.00,0.00,-0.00,0.02,0.02,0.47,0.57,0.02,0.00,0.05,0.00,0.00,0.51,0.00,0.10,0.00,0.10,0.00,0.02,0.07,0.00,0.00,0.10,0.09,0.00,0.03,0.00,0.01,0.00,0.00,0.00,0.00,0.00,0.00,0.08,0.00,0.55,0.00,0.53,0.47,0.50,0.00,0.00,0.03,0.09,0.54,0.05,0.06,0.00,0.11,0.00,0.00,0.00,0.00,0.01,0.00,0.02,0.03,0.51,0.00,0.00,0.00,0.01,0.00,0.00,0.07,0.10,0.02,0.00,0.00,0.14,0.00,0.44,0.55,0.02,0.09,0.00,0.00,0.01,0.49,0.00,0.00,0.00,0.00,0.52,0.01,0.10,0.00,0.00,0.00,0.00,0.13,0.08,0.55,0.06,0.00,0.17,0.00,0.36,0.00,0.00,0.44,0.00,0.10,0.00,0.02,0.03,0.03,0.00,0.00,0.45,0.13,0.08,0.09,0.00,0.52,0.00,0.00,0.00,0.00,0.00,0.07,0.00,0.10,0.04,0.04,0.00,0.01,0.00,0.00,0.04,0.04,0.00,0.00,-0.00,0.00,0.00,0.00,0.03,0.00,0.07
0.66,0.67,0.04,0.00,0.56,0.55,0.05,0.45,0.00,0.08,0.05,0.00,0.75,0.52,0.07,0.00,0.00,0.00,0.36,0.00,0.00,0.02,0.66,-0.00,0.00,0.13,0.44,0.13,0.40,0.07,0.00,0.56,0.00,0.76,0.00,1.15,0.71,0.64,0.00,0.05,0.05,0.68,0.59,0.41,0.00,1.23,0.00,0.71,1.18,0.00,0.02,0.03,1.25,0.50,0.00,0.00,0.00,0.07,0.79,0.11,0.01,0.70,0.59,0.17,0.65,1.29,-0.00,0.00,0.00,0.00,0.00,1.25,0.06,0.04,0.74,0.58,0.71,0.66,0.00,0.06,0.00,0.63,0.00,0.06,0.11,0.00,0.58,0.00,0.01,0.12,0.02,0.07,0.00,0.00,0.05,0.46,0.00,0.38,0.52,1.15,0.51,0.03,0.00,0.10,0.37,0.05,0.71,0.64,0.02,0.06,0.04,0.00,0.82,0.77,0.00,0.03,0.00,0.43,0.01,0.00,0.06,0.77,-0.00,0.60,0.00,-0.00,0.00,0.00,0.67,0.13,0.62,0.49,1.25,0.00,0.00,0.06,0.00,0.00,0.58,0.00,0.09,0.00,0.06,0.46,0.00,-0.00,0.00,0.04,0.68,0.06,0.10,0.04,0.49,0.00,0.00,0.06,0.00,1.20,0.00,0.14,0.56,0.65,0.66,0.08,0.00,0.01,0.00,0.11,0.09,1.24,0.00,0.04,0.00,0.09,1.10,0.13,0.00,0.00,0.02,0.07,0.03,0.00,0.07,0.00,0.01,0.07,0.84,0.13,0.00,0.83,0.00,0.00,0.00,0.07,-0.00,0.00,0.00,0.00,0.00,0.11
0.00,0.00,0.03,0.00,0.13,0.09,0.00,0.04,0.18,0.00,0.14,0.06,0.00,0.00,0.00,0.02,0.00,0.10,0.00,0.01,0.00,0.00,0.00,0.02,0.16,0.01,0.00,0.00,0.04,0.00,0.00,0.11,0.06,0.01,-0.00,0.00,0.00,0.00,0.09,0.00,0.00,0.00,0.12,0.09,0.00,0.02,0.00,0.00,0.00,0.00,0.00,0.00,0.00,0.00,0.00,0.04,0.07,0.08,0.06,0.00,0.01,0.00,0.00,0.03,0.00,0.02,0.01,0.08,0.18,0.07,0.00,0.02,0.09,0.02,0.00,0.00,0.00,0.00,0.00,0.09,0.10,0.09,0.00,0.08,0.12,0.00,0.06,0.00,0.02,0.00,0.14,0.00,0.00,0.00,0.07,0.00,0.06,0.00,0.00,0.14,0.00,0.00,0.07,0.00,0.09,0.00,0.10,0.00,0.11,0.07,0.08,0.05,0.00,0.00,0.00,0.00,0.00,0.00,0.00,0.12,0.00,0.00,0.09,0.02,0.00,-0.00,0.00,0.00,0.06,0.07,0.00,0.13,0.00,0.01,0.10,0.07,0.09,0.11,0.04,0.01,0.05,0.00,0.07,0.00,0.00,0.00,0.17,0.00,0.08,0.04,0.01,0.00,0.01,0.00,0.00,0.00,0.05,0.03,0.01,0.00,0.00,0.00,0.10,0.02,0.00,0.00,0.00,0.00,0.04,-0.00,0.02,0.00,0.00,0.00,0.03,0.00,0.07,0.00,0.00,0.10,0.05,-0.00,0.07,0.00,0.07,0.03,0.06,0.00,0.00,0.03,0.06,0.00,0.00,0.00,0.07,0.02,0.00,0.00,0.08,0.00
0.79,0.64,0.09,0.00,0.10,0.04,0.00,0.00,0.00,0.06,0.01,-0.00,0.80,0.00,0.00,0.00,0.03,0.07,0.00,0.00,0.00,0.00,0.69,0.00,0.00,0.00,0.08,0.10,0.00,0.00,0.08,0.00,-0.00,0.53,0.00,0.70,0.63,0.00,0.03,0.08,0.00,0.64,0.17,0.05,0.00,0.59,0.06,0.76,0.59,0.00,0.00,0.00,0.63,0.00,0.00,0.00,0.00,0.05,0.55,0.12,0.01,0.73,0.79,0.00,0.00,0.70,0.10,0.08,0.10,0.00,-0.00,0.61,0.00,0.00,0.68,0.75,0.64,0.67,0.03,0.03,0.00,0.63,0.10,0.00,0.07,0.04,0.63,0.00,0.00,0.00,0.00,0.00,0.08,0.03,0.00,0.01,0.04,0.01,0.03,0.65,0.62,0.00,0.00,0.10,0.07,0.13,0.59,0.74,0.00,-0.00,0.02,0.01,0.46,0.72,0.00,0.00,0.09,0.02,0.00,0.03,0.06,0.68,0.00,0.55,0.00,0.00,0.00,0.02,0.75,0.00,0.74,0.00,0.68,0.07,0.09,0.01,0.04,0.00,0.00,0.00,0.07,0.02,0.00,0.04,0.02,0.00,0.11,0.00,0.57,0.00,0.08,0.00,0.00,0.00,0.00,0.00,0.00,0.73,0.13,0.04,0.00,0.65,0.76,0.14,0.00,0.06,0.00,0.00,0.13,0.69,-0.00,0.00,0.05,0.04,0.60,0.00,0.03,0.00,0.00,0.12,0.00,0.06,0.00,0.07,-0.00,0.00,0.60,0.00,0.00,0.79,0.05,0.02,0.11,0.00,0.12,0.00,0.08,0.00,-0.00,0.00
0.10,0.07,0.04,0.15,0.00,0.00,0.00,0.12,-0.00,0.09,0.20,0.00,0.00,0.00,0.00,0.13,0.01,0.04,0.00,0.06,0.11,-0.00,0.00,0.00,0.04,0.07,0.02,0.08,0.00,0.07,0.00,0.00,0.00,0.06,0.00,0.03,0.00,0.16,0.00,0.06,0.06,0.00,0.00,0.00,0.00,0.00,0.00,0.00,0.04,0.13,0.07,0.00,0.01,0.00,0.05,0.01,0.03,0.03,0.00,0.00,0.00,0.00,0.00,0.00,0.00,0.04,0.07,0.00,0.03,0.07,0.12,0.00,0.06,0.04,0.00,0.00,0.12,0.01,0.06,0.00,0.00,0.00,0.00,0.00,0.00,0.12,0.00,0.00,0.06,0.08,0.00,0.00,0.00,0.00,0.00,0.01,0.03,0.06,-0.00,0.03,0.00,0.13,0.00,0.05,0.00,0.00,0.02,0.00,0.16,0.00,0.00,0.10,0.00,0.00,0.01,0.01,0.00,0.01,0.06,0.04,0.00,0.00,0.04,0.00,0.01,0.00,0.05,0.11,0.00,0.01,0.00,0.00,0.00,0.15,0.00,0.11,0.00,0.01,0.00,0.05,0.02,0.01,0.00,0.00,0.12,0.15,0.19,0.00,0.00,0.04,0.07,0.04,0.05,0.00,0.06,0.02,0.04,0.05,0.02,0.00,0.00,0.00,0.03,0.00,0.00,0.00,0.07,0.08,0.00,0.00,0.00,0.12,0.01,0.05,0.00,0.00,0.13,0.00,0.00,0.08,0.00,0.00,0.00,-0.00,0.02,0.13,0.00,0.00,-0.00,0.00,0.00,0.11,0.09,0.00,0.05,0.03,0.04,0.00,0.13,0.04
0.10,0.16,0.00,0.02,0.49,0.48,0.01,0.47,0.00,0.00,0.00,0.00,-0.00,0.42,0.00,0.00,0.00,0.06,0.49,0.00,0.10,0.06,0.00,0.08,0.13,0.09,0.55,0.02,0.42,0.00,0.00,0.45,0.00,0.00,0.04,0.59,0.05,0.55,0.00,0.00,0.00,0.00,0.47,0.43,-0.00,0.63,0.00,0.00,0.34,0.04,0.00,0.00,0.48,0.38,0.09,0.00,0.00,0.26,0.01,0.06,0.04,0.00,0.14,0.00,0.57,0.67,0.00,0.03,-0.00,0.09,0.11,0.47,0.00,0.00,0.02,0.03,0.04,0.00,0.00,0.00,0.05,0.00,0.00,0.00,0.00,0.05,0.08,0.00,0.16,-0.00,0.13,0.02,0.00,0.10,0.00,0.53,0.05,0.56,0.49,0.55,0.00,0.02,0.02,0.02,0.41,0.00,0.04,0.00,0.00,0.10,0.00,0.00,0.00,0.04,0.00,0.00,0.02,0.51,0.00,0.19,0.00,0.00,0.00,0.07,0.14,0.00,0.00,0.00,0.02,0.07,0.00,0.54,0.45,0.00,0.00,0.03,0.02,0.00,0.56,-0.00,0.05,0.05,0.00,0.58,-0.00,0.05,0.20,0.00,0.03,0.06,0.02,0.00,0.54,0.05,0.10,0.01,-0.00,0.55,0.11,0.03,0.58,0.02,0.00,0.00,0.00,0.03,0.10,0.03,0.00,0.55,0.00,0.05,0.03,0.00,0.60,0.00,0.02,0.00,0.04,0.07,0.00,0.00,0.13,0.00,0.08,0.03,0.00,0.00,0.11,0.00,0.08,0.13,0.00,0.00,0.06,0.00,0.02,0.00,0.02,0.01
0.00,0.00,0.68,0.60,-0.00,0.00,0.63,0.11,0.00,0.02,0.08,0.01,0.00,0.06,0.01,0.50,0.06,0.00,0.66,0.03,0.00,0.51,0.49,0.74,0.02,0.63,0.11,0.00,0.47,0.00,0.00,0.00,0.00,0.09,0.57,0.00,0.66,0.00,0.01,0.00,0.56,0.17,0.12,0.05,0.00,0.43,0.17,0.00,0.00,0.55,0.01,0.65,0.00,0.00,0.13,0.57,0.00,0.07,0.00,0.07,0.04,0.07,0.59,0.43,0.09,0.02,0.05,0.56,0.00,0.10,-0.00,0.00,0.55,0.50,0.40,0.08,0.05,0.00,0.00,0.07,0.00,0.59,0.05,0.53,-0.00,0.12,0.10,0.00,0.00,0.00,0.02,0.09,0.00,0.08,0.03,0.00,0.00,0.00,0.00,0.00,0.04,0.05,0.67,0.07,0.60,0.01,0.00,0.12,0.00,0.00,0.10,0.52,0.08,0.14,0.00,-0.00,0.03,0.00,0.00,0.00,0.52,0.05,0.00,0.60,0.00,0.57,0.09,0.55,0.00,0.00,0.04,0.00,0.03,0.64,0.00,-0.00,-0.00,0.16,0.00,0.00,0.55,0.00,0.00,0.00,0.00,0.03,0.02,0.02,0.10,0.06,0.00,0.00,0.00,0.01,0.00,0.00,0.00,0.00,0.04,0.02,0.60,0.09,0.62,0.00,0.00,0.00,0.05,0.54,0.00,0.62,0.10,0.67,0.00,0.00,0.00,0.11,0.00,0.04,0.00,0.01,0.00,0.00,0.05,0.46,0.00,0.00,0.08,0.01,0.05,0.00,0.01,0.63,0.03,0.00,0.00,0.00,0.07,0.00,0.07,0.00
0.02,0.00,0.45,0.55,0.05,0.00,0.66,0.06,0.00,0.03,0.00,0.01,0.01,0.09,0.00,0.48,0.00,0.00,0.73,0.01,0.04,0.61,0.58,0.50,0.09,0.51,0.00,0.18,0.52,0.01,0.00,0.00,0.00,0.09,0.42,0.08,0.55,0.00,0.02,0.01,0.61,0.04,0.00,0.06,0.09,0.55,0.00,-0.00,0.04,0.61,0.07,0.58,0.04,0.05,0.00,0.45,0.00,0.00,0.04,0.00,0.06,0.00,0.50,0.54,0.11,0.00,0.00,0.57,0.10,-0.00,0.00,0.00,0.63,0.61,0.77,0.00,0.12,0.00,0.00,0.03,0.01,0.52,0.09,0.59,0.00,0.00,0.00,0.04,0.00,0.03,0.00,0.02,0.00,0.00,-0.00,0.00,0.04,0.00,0.00,-0.00,0.00,0.08,0.59,0.07,0.59,-0.00,0.00,0.02,0.00,0.00,0.12,0.66,0.00,0.07,0.03,0.04,0.00,0.11,0.01,0.12,0.56,0.00,0.04,0.60,0.00,0.65,0.01,0.48,0.00,0.05,0.00,0.04,0.00,0.58,0.03,0.00,0.08,0.00,-0.00,0.00,0.50,0.02,0.00,0.00,0.00,0.00,0.00,0.06,0.11,0.04,0.00,0.10,0.00,0.13,0.13,0.05,0.02,0.00,0.00,0.10,0.54,0.05,0.58,-0.00,0.02,0.00,0.00,0.63,-0.00,0.59,0.02,0.51,0.09,0.08,0.05,0.09,0.04,0.00,0.00,0.20,0.00,0.16,0.08,0.72,0.00,0.00,0.00,0.00,0.04,0.08,0.00,0.65,0.04,-0.00,0.00,0.02,0.00,0.09,0.00,0.01
0.00,0.04,0.59,0.55,0.00,0.00,0.61,0.05,0.00,0.04,0.04,0.07,0.00,0.01,0.02,0.77,0.01,0.00,0.57,0.01,0.01,0.54,0.65,0.47,0.00,0.60,0.00,0.10,0.59,0.07,0.00,0.03,0.00,0.02,0.62,0.00,0.65,0.00,0.00,0.06,0.48,0.04,0.00,0.04,0.03,0.55,0.00,0.16,0.00,0.61,0.11,0.54,0.16,0.04,0.12,0.64,0.01,0.04,0.00,0.01,0.00,0.09,0.58,0.74,0.00,0.09,0.00,0.58,0.01,0.00,0.09,0.00,0.64,0.62,0.62,0.00,0.00,0.12,0.01,0.03,0.02,0.55,0.06,0.59,0.13,0.01,0.00,0.00,0.00,0.00,0.00,0.01,0.07,0.00,0.05,0.00,0.00,0.00,0.05,0.04,0.00,0.00,0.64,0.16,0.55,0.07,0.13,0.00,0.00,0.01,0.05,0.58,0.08,0.13,0.00,0.09,0.23,0.00,0.11,0.02,0.59,0.04,0.00,0.48,0.00,0.70,0.04,0.65,-0.00,0.01,0.11,0.08,0.03,0.61,0.04,0.02,0.06,0.11,0.04,0.04,0.47,0.00,0.08,0.09,0.05,-0.00,0.00,0.03,0.00,0.09,0.10,0.00,0.00,0.00,0.01,0.08,0.06,0.00,0.09,0.00,0.44,0.01,0.56,0.00,0.05,0.00,0.00,0.56,0.00,0.61,0.00,0.54,0.02,0.08,0.00,0.00,0.12,0.09,0.05,0.00,0.00,0.05,-0.00,0.49,0.00,0.00,0.11,0.14,0.00,0.00,0.07,0.54,0.04,0.00,0.00,0.00,0.15,0.09,0.00,0.00
0.00,0.07,0.00,0.00,0.54,0.42,0.09,0.47,0.12,0.06,0.08,0.05,0.02,0.50,0.00,0.00,0.00,0.10,0.48,0.02,0.00,0.01,0.19,0.02,0.00,0.15,0.52,0.00,0.59,0.03,0.01,0.53,0.11,0.00,0.15,0.46,0.00,0.36,0.08,0.02,0.00,0.01,0.57,0.59,0.03,0.52,0.04,0.06,0.49,0.05,0.17,0.00,0.60,0.51,0.12,0.03,0.08,0.03,0.08,0.00,0.15,0.00,0.00,0.01,0.43,0.61,0.00,0.00,0.00,0.20,-0.00,0.55,0.00,0.00,0.00,0.03,0.03,0.05,0.00,0.10,0.09,0.00,0.00,0.00,0.00,0.01,0.00,0.09,0.13,0.08,0.03,0.06,0.00,0.12,0.00,0.57,0.00,0.50,0.45,0.67,0.11,0.00,0.14,0.00,0.61,0.11,0.12,0.00,0.01,0.00,0.02,0.02,0.00,0.00,0.00,0.00,0.07,0.46,0.11,0.00,0.00,0.14,0.07,0.02,-0.00,0.00,0.00,0.00,0.02,0.00,0.05,0.40,0.54,0.00,-0.00,0.05,0.04,0.00,0.44,0.12,0.07,0.03,0.00,0.41,0.04,0.07,0.00,0.00,0.00,0.00,0.07,0.00,0.40,0.00,0.03,0.01,0.00,0.62,-0.00,0.00,0.32,0.00,0.03,0.00,0.00,0.00,0.06,0.05,0.02,0.51,0.00,0.00,0.09,0.00,0.33,0.06,0.08,0.09,0.02,0.06,0.00,0.01,0.00,0.04,0.00,0.05,0.00,0.07,0.00,0.00,0.00,0.06,0.00,0.00,0.00,0.00,0.08,0.00,0.00,0.00
0.02,0.02,0.60,0.42,0.57,0.38,0.60,0.67,0.00,0.08,0.00,0.00,0.15,0.39,0.14,0.50,0.00,0.00,1.17,0.00,0.02,0.71,0.47,0.62,0.07,0.56,0.53,0.00,0.97,0.13,0.00,0.52,0.04,0.00,0.55,0.49,0.65,0.56,0.10,0.06,0.57,0.00,0.42,0.57,0.05,1.08,0.00,0.10,0.56,0.44,0.02,0.73,0.52,0.50,0.10,0.63,0.07,0.08,-0.00,0.00,0.04,0.11,0.49,0.51,0.58,0.52,0.00,0.65,0.00,0.05,0.01,0.55,0.61,0.54,0.56,0.04,0.15,0.00,0.09,0.14,0.04,0.57,0.01,0.59,0.10,0.00,0.00,0.09,0.00,0.07,0.13,0.07,0.00,0.00,0.00,0.61,0.08,0.47,0.57,0.63,0.07,0.04,0.63,0.00,1.11,0.00,0.00,-0.00,0.09,0.00,0.00,0.48,0.03,0.00,0.00,0.00,0.00,0.46,0.06,0.00,0.48,0.04,0.00,0.67,0.10,0.67,0.03,0.61,0.15,0.00,0.00,0.59,0.42,0.61,0.00,0.13,0.00,0.00,0.41,0.01,0.62,0.11,0.00,0.50,0.02,0.00,0.01,0.00,0.04,0.06,0.00,0.00,0.45,0.10,0.00,0.00,0.08,0.51,0.00,0.00,1.16,0.19,0.52,0.01,0.04,0.00,0.06,0.47,0.00,1.06,0.00,0.62,0.14,0.09,0.41,0.00,0.05,0.00,0.05,0.00,0.00,0.11,0.00,0.79,0.00,0.00,0.11,0.03,0.00,0.23,0.00,0.54,0.05,0.04,0.03,0.00,0.15,0.08,0.00,0.00
0.00,0.06,0.53,0.75,0.02,0.00,0.62,0.13,0.06,0.00,0.05,0.00,0.01,0.06,0.04,0.67,0.00,0.00,0.52,0.02,0.04,0.50,0.67,0.78,0.07,0.46,0.00,0.00,0.58,0.03,0.00,0.00,0.00,0.00,0.63,0.00,0.55,0.00,0.11,0.00,0.64,0.00,0.00,0.00,0.00,0.55,0.08,0.00,0.10,0.52,0.00,0.53,0.03,0.04,0.00,0.55,0.06,0.00,0.06,0.11,0.00,0.02,0.52,0.65,0.11,0.05,0.09,0.51,0.00,0.00,0.00,0.06,0.50,0.44,0.54,0.07,0.00,0.00,0.00,0.06,0.08,0.49,0.00,0.52,0.00,0.04,0.00,0.00,0.00,-0.00,0.10,0.00,0.14,0.02,0.00,0.10,0.00,0.01,0.14,0.00,0.00,0.10,0.47,0.04,0.66,0.05,0.02,0.06,0.00,0.00,-0.00,0.42,0.00,0.05,0.00,0.04,0.12,0.06,0.00,0.02,0.56,0.00,0.00,0.45,0.04,0.65,0.00,0.52,0.00,0.00,0.07,0.11,0.09,0.61,0.00,0.00,0.23,0.00,0.03,0.00,0.52,0.00,0.00,0.03,0.03,0.00,0.00,0.00,0.08,0.00,0.05,0.00,0.00,0.00,-0.00,0.00,0.06,0.00,0.00,0.00,0.48,0.00,0.61,0.00,0.00,0.00,0.11,0.69,0.00,0.64,0.10,0.68,0.02,0.00,0.00,0.00,0.00,0.07,0.16,0.05,-0.00,0.08,0.00,0.68,0.04,0.00,0.07,0.00,0.00,0.06,0.00,0.65,0.00,0.17,0.14,0.00,0.16,0.08,0.00,0.06
0.00,0.00,0.00,0.07,0.58,0.50,0.07,0.59,0.00,0.10,0.08,0.05,0.08,0.53,0.00,0.00,0.01,0.06,0.56,0.00,0.00,0.05,0.00,0.01,0.00,0.03,0.55,0.00,0.44,0.02,0.00,0.55,0.00,0.00,0.04,0.33,0.00,0.53,0.00,0.01,0.01,0.00,0.60,0.45,0.00,0.58,0.04,0.01,0.46,0.11,0.02,0.00,0.61,0.54,0.04,0.02,0.00,-0.00,0.01,0.00,0.00,0.02,0.00,0.08,0.52,0.64,0.00,0.00,0.02,0.00,0.00,0.50,0.00,0.00,0.02,0.00,0.00,0.04,0.02,0.12,0.07,0.06,0.03,0.04,0.08,0.00,0.00,0.00,0.08,0.00,0.00,0.00,0.08,0.00,0.00,0.52,0.00,0.48,0.59,0.49,0.00,0.00,0.00,0.00,0.43,0.11,0.00,0.00,0.00,0.00,0.00,0.06,0.06,0.02,0.09,0.00,0.11,0.57,0.05,0.13,0.00,0.00,0.07,0.00,0.00,0.22,0.05,0.00,0.00,0.00,0.06,0.44,0.57,0.00,0.00,0.07,0.00,0.00,0.55,0.00,0.00,0.00,0.04,0.39,0.06,0.07,0.02,0.00,0.12,0.00,0.00,0.08,0.53,0.00,0.00,0.16,0.10,0.51,0.04,0.00,0.40,0.00,0.06,-0.00,0.00,0.00,0.00,0.04,0.22,0.45,0.00,0.00,0.09,0.06,0.58,0.00,0.00,0.00,0.00,0.03,0.08,0.07,0.09,0.00,-0.00,0.00,0.00,0.00,0.11,-0.00,0.00,0.00,0.00,0.00,0.03,0.01,0.00,0.04,0.03,0.00
0.58,0.75,0.08,0.00,0.00,0.04,0.00,-0.00,0.00,0.00,0.07,0.06,0.71,0.04,0.04,0.02,0.01,0.00,0.05,0.05,0.03,0.00,0.55,0.02,0.00,0.00,0.02,0.00,0.00,0.00,0.00,0.00,0.00,0.77,0.00,0.67,0.75,0.08,0.00,0.00,0.02,0.70,0.00,0.00,0.00,0.67,0.08,0.72,0.70,-0.00,0.00,0.03,0.70,0.07,0.07,0.01,0.00,0.00,0.84,0.00,0.00,0.65,0.55,0.07,0.00,0.70,0.00,0.05,0.00,0.00,0.06,0.73,0.14,0.00,0.63,0.61,0.63,0.66,0.20,0.00,0.00,0.59,0.00,0.07,0.04,0.00,0.61,0.00,0.04,0.06,0.00,0.04,0.12,0.15,0.02,0.00,0.07,0.00,0.00,0.64,0.75,0.00,0.11,0.02,0.02,0.00,0.51,0.55,0.00,0.03,0.03,0.00,0.68,0.59,0.10,0.05,0.00,0.08,0.00,0.07,0.00,0.62,0.00,0.73,0.01,0.00,0.00,0.00,0.55,0.00,0.75,0.00,0.65,0.05,0.10,0.00,0.03,0.10,0.01,0.00,0.15,0.01,0.00,0.03,0.02,0.00,0.14,0.05,0.54,0.01,0.00,0.00,0.11,-0.00,0.01,0.00,0.01,0.68,0.00,0.19,0.05,0.68,0.58,-0.00,0.00,0.16,-0.00,-0.00,0.02,0.72,0.11,0.00,0.01,0.00,0.74,0.03,0.00,0.03,0.00,0.10,0.00,0.05,0.07,0.06,0.00,0.00,0.69,0.01,0.04,0.82,0.03,0.04,0.00,0.00,0.06,0.05,0.00,0.01,0.00,0.01
0.00,0.00,0.51,0.68,0.00,0.00,0.59,0.07,0.19,0.00,0.02,0.01,0.00,0.00,0.00,0.52,0.00,0.00,0.61,0.08,0.01,0.53,0.55,0.70,0.03,0.63,0.10,0.02,0.78,0.16,0.02,0.00,0.06,0.08,0.55,0.00,0.58,0.00,0.01,0.10,0.70,0.16,0.05,0.14,0.14,0.55,0.01,0.05,0.01,0.54,0.00,0.55,0.11,0.00,0.00,0.62,0.04,0.11,0.15,0.00,0.00,0.00,0.49,0.55,0.00,0.06,0.00,0.58,0.07,0.01,0.06,0.00,0.56,0.71,0.62,0.07,0.00,0.00,0.03,0.00,0.00,0.51,0.15,0.52,0.07,0.00,0.00,0.00,0.00,0.06,0.01,0.04,0.00,0.00,0.00,0.00,0.00,0.05,0.02,0.10,0.01,0.02,0.61,0.05,0.64,0.01,0.07,0.00,0.04,0.00,0.07,0.62,0.04,0.00,0.07,0.00,0.00,0.00,0.00,0.12,0.53,0.10,0.00,0.73,0.00,0.47,0.00,0.47,0.00,0.14,0.02,0.00,0.00,0.54,0.01,0.03,0.08,0.00,0.00,0.00,0.59,0.12,0.09,0.00,0.00,0.04,0.02,0.01,0.00,0.13,0.01,0.00,0.00,0.00,-0.00,0.05,0.00,0.00,0.00,0.00,0.61,0.04,0.53,0.05,0.11,0.00,0.03,0.41,0.00,0.41,0.00,0.66,0.00,0.00,0.13,0.00,0.06,0.00,0.06,0.00,0.05,0.00,0.00,0.54,0.00,0.03,0.00,0.00,0.07,0.12,0.04,0.63,0.08,0.00,-0.00,0.01,0.01,0.16,-0.00,0.00
0.00,-0.00,0.00,0.00,0.00,0.03,0.00,0.02,0.00,0.03,0.13,0.00,0.06,0.00,0.00,0.00,0.00,0.06,0.00,0.00,0.03,0.01,0.00,0.00,0.00,0.12,0.00,0.00,0.00,0.02,0.00,0.00,0.12,0.00,0.00,0.12,0.07,0.00,0.00,0.00,0.00,0.01,0.00,0.00,0.00,0.02,0.00,0.04,0.00,0.14,-0.00,0.03,0.00,0.07,0.03,0.00,0.02,0.00,0.00,0.09,0.18,0.03,0.00,0.01,0.01,0.10,0.00,0.05,0.15,0.09,0.00,0.01,0.00,0.00,0.05,0.00,0.00,0.12,0.02,0.00,0.00,0.12,0.00,0.00,0.09,0.06,0.03,0.09,0.09,0.00,0.10,0.00,0.08,0.05,0.09,0.00,0.00,0.07,0.00,0.02,0.00,0.00,0.00,0.01,0.00,0.05,0.00,0.06,0.00,0.01,0.01,0.01,0.00,0.00,0.00,0.00,0.00,0.00,0.11,0.02,0.02,0.00,0.03,0.00,0.00,0.07,0.04,0.00,0.00,0.00,0.06,0.03,0.10,0.06,0.04,0.06,0.01,0.00,0.04,0.00,0.00,0.00,0.00,0.05,0.01,0.11,0.03,0.06,0.09,0.03,0.00,0.02,0.05,0.00,0.04,0.00,0.00,0.04,0.07,0.00,0.02,0.00,0.02,0.00,0.00,0.06,0.00,0.06,0.00,0.00,-0.00,0.00,0.02,0.00,0.04,0.01,0.08,0.00,0.02,0.00,0.00,0.05,0.10,0.00,0.00,0.08,0.00,-0.00,0.00,0.02,0.22,0.05,0.00,0.00,0.10,0.02,0.00,0.00,0.00,0.00
0.01,0.00,0.00,0.11,0.41,0.56,0.02,0.56,0.08,0.04,-0.00,0.15,-0.00,0.53,0.00,0.03,0.08,-0.00,0.47,0.00,0.00,0.00,0.00,0.00,0.17,0.00,0.48,0.00,0.55,0.00,0.01,0.45,0.04,0.00,0.03,0.50,0.00,0.47,0.00,0.02,0.00,0.00,0.53,0.54,0.00,0.66,0.00,0.03,0.51,0.00,0.07,0.00,0.54,0.49,0.00,0.19,0.02,0.04,0.00,0.00,0.00,0.09,0.06,0.05,0.47,0.59,0.01,0.00,0.00,0.20,0.01,0.51,0.11,0.00,0.00,0.04,0.02,0.00,0.00,0.04,0.00,0.02,0.02,0.00,0.04,0.00,0.17,0.06,0.00,0.00,0.07,0.11,0.00,0.07,0.08,0.53,0.00,0.46,0.53,0.54,0.11,0.03,0.00,0.08,0.47,0.05,0.01,0.08,0.00,0.00,0.01,0.01,0.00,0.00,0.01,0.09,0.03,0.56,0.00,0.00,0.01,0.01,0.00,0.00,0.00,0.01,0.00,0.02,0.00,0.12,0.00,0.47,0.51,0.00,0.00,0.02,0.00,0.10,0.59,0.07,0.01,0.00,0.00,0.46,0.13,0.10,0.02,0.02,0.06,0.00,0.00,0.09,0.51,0.09,0.00,0.00,0.00,0.52,0.10,0.00,0.50,0.00,0.00,0.00,0.00,0.00,0.00,0.00,0.00,0.43,0.04,0.20,-0.00,0.02,0.54,0.00,0.00,0.10,0.13,0.02,0.11,0.02,0.00,0.13,0.10,0.08,0.00,0.11,0.07,0.00,0.02,0.00,-0.00,0.00,0.00,0.07,0.08,0.02,0.00,0.00
0.00,0.07,0.01,0.03,0.11,0.00,0.02,0.00,0.00,0.00,0.07,0.00,0.09,0.07,0.00,0.00,0.10,0.00,0.05,0.04,0.00,0.00,0.03,0.06,0.00,0.04,0.00,0.00,0.01,0.00,0.08,0.00,0.00,0.08,-0.00,0.11,0.12,0.00,0.00,0.03,0.07,0.03,0.00,0.00,0.00,0.13,0.00,0.00,0.00,0.00,0.11,0.01,0.00,0.14,0.00,0.00,0.07,0.00,0.00,0.00,0.12,0.00,0.10,0.00,0.00,0.03,0.00,0.03,0.00,0.00,0.00,0.07,0.00,0.11,0.04,0.00,-0.00,0.00,0.00,0.00,0.00,0.03,0.09,0.00,0.03,0.00,0.00,0.03,0.00,0.02,0.06,0.07,0.00,0.03,0.00,0.00,0.00,0.00,0.04,-0.00,0.11,0.00,0.00,0.15,0.15,0.02,0.00,0.08,0.14,0.16,0.00,0.08,0.10,0.00,0.00,0.00,0.06,0.05,0.00,0.00,0.03,-0.00,0.00,0.10,0.02,0.00,0.07,0.11,0.00,0.05,0.02,0.00,0.06,0.00,0.00,0.00,0.02,-0.00,0.00,0.00,0.00,0.00,0.00,0.00,-0.00,0.12,0.00,0.23,0.06,0.00,0.00,0.00,0.00,0.00,0.02,0.01,0.15,0.00,0.00,0.00,0.12,0.00,0.00,0.02,0.00,0.00,0.00,0.00,0.00,0.10,0.07,0.00,0.03,0.04,0.07,0.07,0.00,0.00,0.00,0.00,0.00,0.00,0.00,0.00,0.08,0.06,0.00,0.05,0.09,0.00,0.09,0.05,0.09,0.05,0.00,0.00,0.03,0.00,0.02,0.01
0.14,-0.00,0.03,0.00,0.13,0.01,0.00,0.12,0.13,0.00,0.00,0.00,0.00,0.00,0.00,0.04,0.00,0.00,0.09,0.00,0.01,0.04,0.00,0.00,0.00,0.00,0.03,0.00,0.00,0.00,0.05,0.00,0.04,0.06,0.09,0.09,0.07,0.08,0.00,0.16,0.00,0.01,0.00,0.00,0.00,0.01,0.00,0.01,0.04,0.03,0.00,0.00,0.00,0.00,0.00,0.01,0.00,0.03,0.15,0.08,0.08,0.17,0.00,0.14,0.11,0.00,0.00,0.00,0.00,0.00,-0.00,0.00,0.12,0.00,0.00,0.01,0.05,0.01,0.00,0.00,0.00,0.00,0.00,0.14,0.03,0.00,0.00,0.03,-0.00,0.00,0.00,0.00,0.00,0.19,0.00,0.00,0.00,0.00,0.00,0.12,0.19,0.00,0.02,0.03,0.00,0.00,0.12,0.00,0.00,0.00,0.00,0.03,0.12,0.00,0.00,0.07,0.00,0.00,0.09,0.00,0.04,0.04,0.10,0.06,0.10,0.02,0.09,0.11,0.01,0.05,0.00,0.00,0.24,0.00,0.00,0.00,0.02,0.05,0.06,0.03,0.00,0.02,0.00,0.00,0.07,0.00,-0.00,0.00,0.01,0.01,0.00,0.16,0.06,0.00,0.00,0.02,0.06,0.00,0.00,0.24,0.20,0.00,0.02,0.00,0.00,0.05,-0.00,0.08,0.00,0.05,0.03,-0.00,0.00,0.05,0.00,0.07,0.00,0.00,-0.00,0.01,0.02,0.09,0.00,0.09,0.00,0.09,0.01,0.10,0.00,0.02,0.12,0.00,0.12,0.08,0.02,0.08,0.24,0.00,0.00,0.13
0.00,0.00,-0.00,0.00,0.00,0.00,0.08,0.05,0.00,0.08,0.04,0.00,0.00,0.02,0.07,0.00,0.08,0.00,0.00,0.06,0.19,0.00,0.00,0.00,0.01,0.00,0.09,0.00,0.04,0.00,0.00,0.00,0.04,0.00,0.01,0.10,0.00,0.07,0.00,0.00,0.00,0.00,0.06,-0.00,0.08,0.00,0.00,0.00,0.00,0.00,0.02,0.00,0.00,0.02,0.00,0.00,0.08,0.00,0.06,0.00,-0.00,0.09,0.12,0.00,0.05,0.00,0.00,0.00,0.00,0.08,0.00,0.11,0.03,0.04,0.09,0.19,0.06,0.00,0.00,0.10,0.00,0.09,0.00,0.14,0.01,0.00,0.00,0.08,0.00,0.00,0.06,0.05,0.01,-0.00,0.00,0.00,0.06,0.00,0.07,0.00,0.00,0.02,0.00,0.00,0.06,0.08,0.00,0.13,0.08,0.03,0.05,0.00,0.04,0.01,0.10,0.00,0.03,0.07,0.00,0.07,0.04,0.00,0.00,0.05,0.15,0.00,0.09,0.00,0.01,0.09,0.00,0.03,0.00,0.03,0.13,0.04,0.05,0.06,0.00,0.02,0.00,0.00,0.00,0.02,0.05,0.08,0.00,0.00,0.00,0.09,0.00,0.02,0.00,0.16,0.06,0.05,0.00,0.00,0.05,-0.00,0.00,0.13,0.02,0.06,0.01,0.07,0.00,0.08,0.09,0.06,0.00,0.01,0.00,0.10,0.09,0.13,0.00,0.03,0.00,0.00,0.02,0.00,-0.00,0.01,-0.00,0.08,0.10,0.00,0.02,0.00,0.00,0.00,0.00,0.03,0.00,0.00,0.03,0.06,0.00,0.07
0.00,0.06,0.00,0.09,-0.00,0.00,0.01,0.06,0.03,0.09,0.00,0.00,0.00,0.00,0.01,0.20,0.04,0.00,0.00,0.10,0.04,0.00,0.00,0.00,0.08,0.09,0.05,0.04,0.00,0.01,0.00,0.00,0.11,0.03,0.01,0.03,0.12,0.08,0.12,0.00,0.06,0.00,0.00,0.07,0.00,0.00,0.13,-0.00,0.07,0.00,0.09,0.03,0.01,0.05,0.03,0.05,0.00,0.00,0.00,0.00,0.00,0.00,0.02,0.00,0.00,0.00,-0.00,0.00,0.00,0.00,0.01,0.02,0.05,0.02,0.00,0.00,0.11,0.02,0.00,0.04,0.06,0.00,0.00,0.04,0.03,0.00,0.00,0.07,0.00,0.00,0.00,0.05,0.00,0.05,0.00,0.03,0.02,0.04,0.00,0.11,0.17,0.05,0.01,0.00,0.04,0.02,0.00,0.00,0.00,0.03,0.03,0.17,-0.00,0.00,0.00,0.00,0.02,0.00,0.00,0.00,0.05,0.11,0.00,0.01,0.01,0.10,0.00,-0.00,0.07,0.06,0.00,0.13,0.03,0.00,0.06,0.16,0.01,0.00,0.00,0.02,0.00,0.11,0.00,0.00,0.00,-0.00,0.05,0.00,0.05,0.00,0.05,0.07,0.00,0.00,0.00,0.04,0.00,0.06,0.10,0.00,0.00,0.00,0.06,0.00,0.00,0.02,0.04,0.01,0.04,0.04,0.11,0.01,0.00,0.08,0.07,0.01,0.08,0.01,0.01,0.00,0.00,0.00,0.07,0.00,0.00,0.00,0.00,0.00,0.04,0.00,0.00,0.00,0.00,0.00,0.09,0.00,0.03,0.05,0.00,0.00
0.00,0.02,0.02,0.21,0.52,0.54,0.15,0.58,0.07,-0.00,0.00,0.00,0.00,0.49,0.00,0.01,0.01,0.00,0.54,0.03,0.00,0.00,0.04,0.10,0.10,-0.00,0.49,0.01,0.44,0.00,0.08,0.49,0.03,0.07,0.00,0.47,0.00,0.49,0.00,0.01,0.00,0.07,0.52,0.49,0.00,0.49,0.07,0.01,0.41,0.00,0.01,0.00,0.62,0.44,0.12,0.00,0.00,0.00,0.12,0.04,0.10,0.00,0.00,0.06,0.51,0.58,0.00,0.00,0.00,0.10,0.00,0.51,0.00,0.00,0.08,0.00,0.01,0.08,0.03,0.00,0.06,0.00,0.00,0.00,0.00,0.08,0.09,0.00,0.00,0.08,0.00,0.00,0.00,0.00,0.01,0.43,0.00,0.56,0.55,0.42,0.03,0.00,0.03,0.00,0.38,0.05,0.01,0.05,0.05,0.00,0.00,0.07,0.09,0.00,0.01,0.06,0.08,0.54,0.09,0.00,0.00,0.01,0.00,0.00,0.05,0.01,0.00,0.03,0.04,0.01,0.09,0.56,0.50,0.07,0.01,0.01,0.00,0.00,0.45,-0.00,0.11,0.00,0.04,0.57,0.02,0.00,0.10,0.05,0.00,0.03,0.10,0.22,0.59,0.00,0.00,0.04,0.11,0.31,0.00,0.00,0.67,0.08,0.00,0.01,0.11,0.00,0.06,0.11,0.00,0.56,0.00,0.00,0.00,0.11,0.61,0.07,0.09,0.00,0.00,0.03,0.02,0.04,0.10,0.03,0.00,0.00,0.00,0.00,0.00,0.01,0.00,0.00,0.00,0.04,0.18,0.02,0.00,0.00,0.06,0.00
0.00,0.05,0.09,0.00,0.04,0.00,0.00,0.00,0.05,0.03,0.00,0.04,0.05,0.05,0.09,0.00,-0.00,0.00,0.01,0.06,0.00,0.00,0.00,0.05,0.11,0.08,0.00,0.00,0.00,0.00,0.10,0.16,0.00,0.00,0.00,0.00,0.14,0.09,0.00,0.15,0.04,0.00,0.00,0.07,0.09,0.10,0.03,-0.00,0.04,0.00,0.01,0.05,0.02,0.06,0.06,0.00,0.00,0.01,0.00,0.06,0.00,0.12,0.00,0.08,0.00,0.00,0.02,0.10,0.00,0.05,0.00,0.00,0.00,0.10,0.06,0.00,0.01,0.03,0.08,0.00,0.00,0.00,0.00,0.00,0.00,0.00,0.00,0.00,0.00,0.04,-0.00,0.00,0.00,0.10,0.00,0.00,0.00,0.00,0.01,0.16,0.12,0.02,0.00,0.05,0.12,0.04,0.00,0.00,0.01,0.00,0.00,0.04,0.08,0.00,0.00,0.05,-0.00,0.00,0.00,0.00,0.03,0.00,0.00,0.00,0.00,0.00,0.01,0.01,0.14,0.05,0.00,0.00,0.01,0.00,0.01,0.12,0.00,0.00,0.05,0.04,0.00,0.00,0.12,0.17,0.00,0.00,0.02,0.00,0.00,0.07,0.04,0.00,0.10,0.00,0.00,0.03,0.17,0.00,0.00,0.00,0.15,0.00,0.03,0.02,0.00,0.00,0.00,0.01,0.00,0.08,0.02,0.00,0.02,0.00,0.00,0.08,0.00,0.00,0.00,0.00,-0.00,0.10,0.00,0.14,0.04,0.04,0.00,-0.00,0.11,0.00,0.00,0.04,0.02,0.05,0.00,0.00,0.00,0.01,0.02,0.04
0.00,0.00,0.01,0.09,0.00,0.07,0.00,0.00,-0.00,0.03,0.09,0.00,0.00,0.00,0.00,0.00,0.14,0.05,0.10,0.00,0.03,0.02,0.03,0.00,0.00,0.04,0.05,0.06,0.04,0.06,0.00,0.00,0.00,0.01,0.01,0.19,0.00,0.06,0.01,0.00,0.00,0.12,0.00,0.02,0.08,0.00,0.08,0.00,0.13,0.02,0.00,0.00,0.00,0.00,0.05,0.00,0.00,0.00,0.02,0.00,0.15,0.00,0.00,0.08,0.08,0.05,0.00,0.03,0.00,0.00,0.10,0.17,0.00,0.00,0.03,0.08,0.00,-0.00,0.06,0.02,0.10,0.00,0.00,0.00,0.13,-0.00,0.00,0.02,0.00,0.06,0.07,0.06,0.00,0.00,0.08,0.00,0.00,0.01,0.00,0.00,0.04,0.00,0.00,-0.00,0.00,0.03,0.02,0.08,0.00,0.05,0.04,0.01,0.08,0.00,0.08,0.00,0.12,0.04,0.00,0.00,0.00,0.03,0.03,0.17,0.00,0.01,0.00,0.00,0.00,0.00,0.00,0.09,0.04,0.00,0.00,0.17,0.00,0.00,0.05,0.00,0.00,0.06,0.10,0.00,0.00,0.00,0.00,0.11,0.09,0.01,0.00,0.01,0.01,0.00,0.00,-0.00,0.00,0.00,0.15,0.06,0.00,0.14,0.04,0.10,0.05,0.00,0.00,0.13,0.00,0.00,0.00,0.20,0.00,0.08,0.14,0.00,0.01,0.00,0.00,0.00,0.00,0.04,0.11,0.00,0.00,0.00,0.00,0.00,0.09,0.00,0.00,0.00,0.16,0.00,0.00,0.08,0.00,0.00,0.05,0.00
0.15,0.00,0.02,0.14,0.00,-0.00,0.05,0.02,0.00,0.00,0.09,0.00,0.06,0.07,0.04,0.07,0.24,0.11,0.05,0.00,0.00,0.00,0.00,0.00,0.00,0.03,0.11,0.04,0.02,0.00,0.00,0.07,0.05,0.00,0.01,0.00,0.00,0.00,0.18,0.04,0.14,0.00,0.00,0.00,0.00,0.00,0.00,0.02,0.11,0.00,0.10,0.00,0.00,0.18,0.04,0.00,0.00,0.13,0.00,0.03,0.14,0.00,0.03,0.03,0.00,0.00,0.00,0.01,0.00,0.03,0.06,0.00,0.08,0.00,0.00,0.00,0.00,0.04,0.10,0.01,0.00,0.19,0.05,0.00,0.00,0.12,0.00,0.00,0.01,0.06,0.05,0.00,0.00,0.00,0.12,0.00,0.00,0.00,0.07,0.00,-0.00,0.01,0.00,0.06,0.10,0.00,0.00,0.00,0.01,0.06,0.00,0.00,0.00,-0.00,0.00,0.00,0.00,0.05,0.00,0.00,0.10,0.00,0.00,0.00,0.00,0.04,0.00,0.11,0.00,0.05,0.10,0.00,0.05,0.02,0.00,0.00,0.11,0.00,0.00,0.17,0.00,0.00,0.00,0.05,0.02,0.02,-0.00,-0.00,0.00,0.00,0.08,0.00,0.10,0.00,0.00,0.08,0.00,0.00,0.00,0.00,0.00,0.00,0.10,0.00,0.08,0.07,0.00,0.00,0.05,0.13,0.00,0.03,0.00,0.00,0.09,0.00,0.00,0.00,0.02,0.00,0.00,0.12,0.00,0.00,0.00,0.00,0.03,0.13,0.00,0.00,0.00,0.12,0.04,0.05,0.08,0.00,0.00,0.00,0.05,0.00
0.15,0.11,0.11,0.00,0.00,0.00,0.00,0.00,0.05,0.00,0.01,0.00,0.04,0.02,0.00,0.00,0.01,0.00,0.00,-0.00,0.11,0.03,0.04,0.00,0.05,0.03,0.08,0.04,0.02,0.00,0.00,0.00,-0.00,0.07,0.00,0.04,0.00,0.11,0.03,0.00,0.01,0.05,0.17,0.00,0.14,0.01,0.08,0.11,0.04,0.07,0.03,0.13,0.12,0.02,0.00,0.03,0.00,0.04,0.10,0.08,0.00,0.00,0.06,0.13,0.00,0.00,0.00,0.00,0.04,0.00,0.01,0.00,0.09,0.00,0.00,0.00,0.10,0.00,0.00,0.07,0.00,0.11,0.00,0.00,0.00,0.05,0.00,0.11,0.00,0.00,0.00,0.17,0.07,0.00,0.00,0.00,0.08,0.06,0.00,0.05,0.00,0.00,0.00,0.05,0.00,0.00,0.05,0.00,0.07,0.00,0.04,0.06,0.00,0.00,0.00,0.00,0.07,0.00,0.02,0.09,0.05,0.00,0.00,0.07,0.03,-0.00,-0.00,0.00,0.03,0.09,0.08,0.10,0.00,0.10,0.00,0.00,0.08,0.18,0.00,0.00,0.05,-0.00,0.00,0.07,0.00,0.06,0.00,0.00,0.00,0.20,0.00,0.02,0.02,0.11,0.06,0.04,0.02,0.03,0.00,0.02,0.03,0.06,0.00,0.05,0.03,0.00,0.05,0.00,0.05,0.06,0.05,0.01,0.05,0.02,0.00,0.00,0.02,0.00,0.00,0.03,0.06,0.07,0.14,0.11,0.00,0.06,0.02,0.00,0.04,0.06,0.16,0.01,0.00,0.00,0.00,0.00,0.15,0.00,0.04,0.00
0.00,0.00,0.10,0.00,0.08,0.10,0.15,0.15,0.06,0.00,0.00,0.00,0.00,0.00,0.00,0.04,0.00,0.04,0.20,0.00,0.00,0.12,0.00,-0.00,0.01,0.00,0.00,0.03,0.03,0.00,0.00,0.00,0.00,0.00,0.02,0.16,0.00,0.00,0.16,0.07,0.10,0.13,0.00,0.02,0.00,0.00,0.00,0.00,0.08,0.08,0.00,0.09,0.21,0.11,0.06,0.00,0.00,0.04,0.00,0.00,0.04,-0.00,0.05,0.00,0.01,0.03,0.00,-0.00,0.06,0.00,0.14,0.03,0.06,0.13,0.00,0.11,-0.00,0.03,0.02,0.06,0.00,0.00,-0.00,0.00,0.06,0.15,0.00,0.01,0.00,0.21,0.00,0.00,0.00,-0.00,0.00,0.00,0.00,0.04,0.00,0.05,0.00,0.16,0.00,0.00,0.01,0.05,0.00,0.01,0.00,0.05,0.00,0.08,0.00,0.08,0.09,0.03,0.09,0.01,0.04,0.02,0.03,0.02,0.00,0.04,0.00,0.03,0.00,0.00,0.00,0.00,0.00,0.06,0.01,0.07,0.00,0.19,0.07,0.00,0.00,0.02,0.05,0.00,0.00,0.06,0.03,0.06,0.00,0.00,0.00,0.12,0.01,0.03,0.02,0.01,0.00,0.03,0.04,0.03,0.00,0.00,0.00,0.03,0.04,0.00,0.13,0.00,0.12,0.13,0.00,0.17,0.00,0.06,0.06,0.05,0.00,0.04,0.02,0.00,0.00,0.00,0.00,0.00,0.00,0.08,0.00,0.09,0.01,0.00,0.13,0.00,0.00,0.00,0.04,0.00,0.00,0.00,0.00,0.01,0.00,0.02
0.00,0.04,0.53,0.38,0.00,0.00,0.52,0.15,0.00,0.02,0.08,0.14,0.03,-0.00,0.00,0.59,0.00,0.00,0.55,0.00,0.00,0.39,0.56,0.59,0.00,0.60,0.03,0.00,0.49,0.10,0.00,0.00,0.00,0.00,0.43,0.13,0.57,0.01,0.00,0.07,0.68,0.14,0.00,0.01,0.00,0.59,0.00,0.00,0.00,0.72,0.14,0.59,0.00,0.05,0.00,0.56,0.00,0.00,0.00,0.00,0.00,0.08,0.49,0.48,0.03,0.03,0.00,0.55,0.03,0.00,0.00,-0.00,0.59,0.55,0.64,0.00,0.00,0.01,0.11,0.06,0.00,0.59,-0.00,0.66,0.00,0.08,0.02,0.00,0.00,0.03,0.01,0.00,0.11,0.00,0.06,0.00,0.10,0.03,0.01,0.03,0.03,0.00,0.43,0.00,0.64,-0.00,0.00,0.13,0.00,0.07,0.00,0.55,0.00,0.00,0.00,0.04,0.00,0.00,0.07,0.04,0.54,0.11,0.10,0.69,0.00,0.52,0.02,0.50,0.00,0.03,0.01,0.05,0.08,0.55,0.06,0.00,0.00,0.00,0.00,0.00,0.75,0.18,0.00,0.02,-0.00,0.05,0.08,0.01,0.00,0.00,0.00,0.01,0.05,0.00,0.04,0.05,0.08,0.00,0.00,0.02,0.68,0.01,0.51,0.15,0.01,0.03,0.00,0.56,0.00,0.51,0.05,0.66,0.00,0.00,0.00,-0.00,0.00,0.02,0.10,0.00,0.14,0.01,0.00,0.61,0.00,0.01,0.00,0.00,0.00,0.09,0.00,0.72,-0.00,0.00,0.00,0.04,0.14,0.04,0.11,0.00
0.00,0.01,0.00,0.00,0.00,0.04,0.08,0.00,0.06,0.00,0.00,0.01,0.00,0.01,0.00,0.00,0.01,0.00,0.03,0.00,0.10,0.00,0.00,0.04,0.00,0.15,0.09,0.09,0.08,0.00,0.00,0.01,0.00,0.03,0.07,-0.00,0.09,0.00,0.07,0.00,0.04,0.00,0.00,0.01,0.00,0.00,0.02,0.01,0.00,0.00,0.10,0.04,0.03,0.14,0.13,0.00,0.00,0.02,0.05,0.00,0.00,0.02,0.05,0.06,0.06,0.02,0.03,0.04,0.09,0.00,0.08,0.00,0.10,0.05,0.10,0.00,0.00,0.00,0.03,0.00,0.03,0.00,0.01,0.00,0.00,-0.00,0.00,0.00,0.05,0.00,0.00,0.01,0.00,0.00,0.13,0.02,0.15,0.13,0.00,0.00,0.03,0.03,0.00,0.00,0.00,0.02,0.11,0.08,0.02,-0.00,0.00,0.12,0.05,0.00,0.05,0.00,0.00,0.02,0.00,0.00,0.01,0.00,0.04,0.00,0.04,0.03,0.13,0.03,0.00,0.00,0.00,-0.00,0.00,0.09,0.04,0.04,0.02,0.00,0.05,0.04,0.02,0.00,0.00,0.04,0.00,0.02,0.05,0.00,0.00,0.00,0.02,0.04,0.04,0.01,0.00,0.13,0.04,0.09,0.00,0.00,0.00,0.00,-0.00,0.00,0.00,0.09,0.00,0.00,0.04,0.00,0.05,0.00,0.05,0.03,0.00,0.01,0.00,0.00,0.00,0.10,0.01,-0.00,0.00,0.00,0.11,0.09,0.02,0.00,0.00,0.00,-0.00,0.00,0.16,0.08,0.00,0.02,0.04,0.00,0.00,0.09
0.00,0.00,0.00,0.02,0.05,0.06,0.00,0.07,0.00,0.18,0.09,0.02,0.15,0.11,0.00,0.01,0.01,0.00,0.00,0.00,0.00,0.08,0.00,0.00,0.20,0.11,0.00,0.00,0.00,0.00,0.06,0.00,0.08,0.06,0.00,0.00,0.11,0.00,0.05,0.00,0.00,0.00,0.03,0.05,0.02,0.02,0.00,0.00,0.03,0.08,0.07,0.00,0.01,0.10,0.00,0.00,0.00,0.02,-0.00,-0.00,-0.00,0.12,0.00,0.00,0.00,0.11,0.06,0.00,0.00,0.03,0.00,0.05,0.00,0.22,0.00,0.06,0.00,0.03,0.00,0.00,0.07,0.00,0.03,0.00,-0.00,0.00,0.02,0.00,0.10,0.03,0.03,0.00,0.00,0.03,0.01,0.00,0.00,0.00,0.00,0.00,0.00,0.04,0.02,0.06,0.02,-0.00,0.06,0.00,0.09,0.00,0.00,0.00,0.03,0.07,0.00,0.00,0.04,0.05,0.00,0.13,0.09,0.00,0.00,0.01,0.00,0.00,0.05,0.00,0.09,0.10,0.04,0.00,0.00,0.06,0.14,0.16,0.00,0.12,0.06,0.00,0.00,0.11,0.00,0.01,0.07,0.04,0.00,0.11,0.00,0.08,0.00,0.03,0.01,0.00,0.02,0.04,0.00,0.02,0.00,0.07,0.00,0.00,0.06,0.03,0.13,0.00,0.00,0.02,0.00,0.00,0.09,0.00,0.02,0.02,0.00,0.02,0.00,0.00,0.00,0.09,0.09,0.04,0.00,-0.00,0.00,0.02,0.04,0.00,0.00,0.14,0.00,0.00,0.04,0.08,0.04,0.00,0.01,0.01,0.02,0.00
0.18,0.12,0.61,0.51,0.62,0.58,0.63,0.62,0.01,0.09,0.00,0.00,0.06,0.49,0.00,0.59,0.00,0.00,1.13,0.00,0.06,0.59,0.61,0.72,0.17,0.54,0.48,0.00,1.08,0.11,0.10,0.50,0.00,0.05,0.68,0.40,0.75,0.51,0.02,0.02,0.64,0.04,0.57,0.62,0.00,1.03,0.01,0.06,0.58,0.58,0.00,0.59,0.44,0.57,0.00,0.57,0.06,0.08,0.05,0.00,0.07,0.09,0.70,0.52,0.44,0.47,0.02,0.44,0.06,0.00,0.09,0.45,0.54,0.51,0.52,0.16,0.00,0.00,0.00,0.04,0.00,0.48,0.00,0.54,0.00,0.08,0.07,0.00,0.05,0.04,0.00,0.05,0.00,0.00,0.09,0.49,0.00,0.49,0.54,0.57,0.00,0.13,0.52,0.09,1.22,0.00,0.00,0.00,0.06,0.00,0.00,0.70,0.09,0.00,0.00,0.00,0.07,0.59,0.00,-0.00,0.60,0.06,0.00,0.61,0.00,0.74,0.00,0.37,0.00,0.00,0.00,0.55,0.55,0.45,0.00,0.06,0.02,0.00,0.51,0.02,0.57,0.01,0.01,0.42,0.05,0.00,0.00,0.08,0.09,0.03,0.00,0.00,0.56,0.00,0.02,0.00,0.05,0.51,0.07,0.01,1.05,0.00,0.54,0.00,0.00,0.00,0.00,0.40,0.02,1.18,0.06,0.39,0.02,0.00,0.47,0.00,0.02,0.00,0.00,0.05,0.06,0.06,0.00,0.56,0.08,0.01,0.00,0.00,0.11,0.00,0.00,0.48,0.08,0.06,0.10,0.00,0.18,0.00,0.00,0.00
0.66,0.66,0.48,0.61,0.44,0.54,0.66,0.53,0.02,0.03,0.00,0.00,0.66,0.52,0.00,0.65,0.00,0.12,1.23,0.00,0.28,0.60,1.37,0.60,0.03,0.60,0.51,0.00,1.05,0.00,0.15,0.46,0.00,0.70,0.34,1.18,1.15,0.65,0.00,0.01,0.60,0.55,0.31,0.57,0.13,1.65,0.00,0.59,1.34,0.59,0.18,0.70,1.12,0.50,0.05,0.49,0.00,0.00,0.63,0.00,0.00,0.66,1.18,0.63,0.59,1.28,-0.00,0.59,0.00,0.00,0.16,1.11,0.53,0.74,1.38,0.67,0.72,0.71,0.02,0.00,0.00,1.27,0.00,0.55,0.14,0.06,0.77,0.01,0.00,0.03,0.03,0.00,0.01,0.09,0.00,0.62,0.00,0.49,0.43,1.18,0.74,0.00,0.69,0.00,1.09,0.00,0.65,0.67,0.00,0.08,0.00,0.56,0.72,0.68,0.02,0.00,0.00,0.55,0.09,0.14,0.71,0.79,0.02,1.26,0.00,0.56,0.00,0.55,0.80,0.00,0.60,0.55,1.23,0.51,0.00,0.03,0.00,0.00,0.48,0.01,0.56,0.02,-0.00,0.46,0.00,0.03,0.02,0.00,0.65,0.00,0.00,0.07,0.44,0.00,0.00,0.00,0.00,1.28,0.02,0.00,0.94,0.60,1.28,0.04,0.01,0.00,0.01,0.55,0.08,1.99,0.12,0.45,0.12,0.00,1.31,0.00,0.00,0.05,0.07,0.00,0.00,0.08,0.09,0.54,0.00,-0.00,0.78,0.05,0.05,0.76,0.00,0.52,0.00,0.00,0.00,0.00,0.02,0.09,0.02,0.07
0.00,0.00,0.00,0.10,0.00,0.00,0.05,0.00,0.03,0.01,0.09,0.05,0.09,0.00,0.03,0.00,0.02,0.05,0.00,0.07,0.00,0.00,0.03,0.00,0.00,0.04,0.09,0.08,0.00,0.02,0.04,0.06,0.13,0.07,0.11,0.00,0.00,0.01,0.00,0.07,0.01,0.08,0.00,0.05,0.12,0.00,0.00,0.15,0.00,0.00,0.00,0.00,-0.00,0.01,0.00,0.00,0.00,0.07,0.05,0.00,0.00,0.06,0.00,0.00,0.10,0.00,0.10,0.00,0.03,0.02,0.04,0.04,0.03,0.08,0.00,0.00,0.00,0.00,0.04,0.00,0.00,0.02,0.04,0.03,0.00,0.05,0.00,0.15,0.03,0.00,0.03,0.00,0.04,0.00,0.09,0.00,0.05,0.00,0.11,0.00,0.11,0.00,0.05,0.08,0.00,0.04,0.00,0.11,0.00,0.00,0.01,0.02,0.03,0.00,0.01,0.10,0.00,0.00,0.00,0.08,0.11,0.01,0.00,0.00,0.00,0.00,0.03,0.00,0.00,-0.00,0.09,0.00,0.00,0.03,0.14,0.07,0.03,0.00,0.03,0.05,0.00,0.04,0.04,0.00,0.08,0.00,0.00,0.01,0.00,0.01,0.06,0.16,0.00,0.00,0.08,0.00,0.09,0.07,-0.00,0.13,0.15,0.14,-0.00,0.00,0.00,0.17,0.05,0.18,0.00,0.11,0.00,0.13,0.10,0.00,0.05,0.00,0.03,0.01,0.06,0.06,0.00,0.05,0.19,0.00,0.00,0.00,0.00,0.00,0.01,-0.00,0.00,0.00,0.13,0.13,0.00,0.00,0.00,0.08,0.01,0.00
0.00,0.00,0.07,0.01,0.52,0.61,0.12,0.44,0.00,0.13,0.00,0.09,0.00,0.41,0.10,0.00,0.00,0.00,0.57,0.01,0.00,0.08,0.04,0.01,0.02,0.00,0.62,0.00,0.60,0.00,0.01,0.60,0.01,0.00,0.00,0.47,0.00,0.54,0.00,-0.00,0.00,0.14,0.57,0.53,0.00,0.47,0.09,0.03,0.40,0.09,0.00,0.00,0.51,0.47,0.06,0.10,0.12,0.00,0.00,0.07,0.00,0.00,0.08,0.00,0.69,0.46,0.12,0.05,0.12,0.06,0.00,0.46,0.00,0.00,0.08,0.00,0.05,0.04,0.03,0.00,0.00,0.08,0.00,0.05,0.11,0.01,0.05,0.00,0.02,0.06,0.00,0.00,0.05,0.00,0.00,0.41,0.07,0.46,0.57,0.49,0.06,0.00,0.05,0.00,0.52,0.00,0.00,0.06,0.01,0.00,0.00,0.00,0.00,0.00,0.00,0.10,0.00,0.54,0.00,0.00,0.01,0.14,0.07,0.00,0.04,0.00,0.08,0.13,0.02,0.09,0.00,0.48,0.55,0.12,0.12,-0.00,0.00,0.00,0.54,0.00,-0.00,0.05,0.00,0.54,0.00,0.04,0.00,0.00,0.01,0.10,0.00,0.03,0.44,0.03,0.01,0.00,0.03,0.50,0.00,0.01,0.50,0.07,0.15,0.00,0.00,0.09,0.00,0.00,0.08,0.44,0.01,0.01,0.04,0.00,0.56,0.01,0.00,0.00,0.00,0.00,0.00,0.10,0.00,0.06,0.00,0.00,0.00,0.10,0.00,0.06,0.02,0.00,0.00,0.00,0.01,0.00,0.03,0.00,0.08,0.00
0.00,0.06,0.08,0.10,0.00,0.05,0.04,0.00,0.00,0.02,0.00,0.00,0.06,0.06,0.00,0.00,0.02,0.00,0.06,0.00,0.00,0.00,0.00,0.06,0.03,0.00,0.00,0.00,0.02,0.04,0.00,0.00,0.06,0.00,0.00,0.00,0.02,0.00,0.00,0.00,0.08,0.00,0.00,0.00,0.13,0.00,0.06,0.00,0.13,0.00,0.02,0.00,0.00,0.07,0.01,0.11,0.01,0.04,-0.00,0.00,0.00,0.11,0.00,0.07,0.00,0.06,0.12,0.03,0.00,0.00,0.04,0.00,0.00,0.00,0.15,0.05,0.04,0.01,0.15,0.00,0.01,0.03,0.11,0.04,0.00,0.03,0.00,0.10,0.00,-0.00,0.00,0.06,0.00,0.15,0.00,-0.00,0.03,0.01,0.03,0.00,0.03,0.00,0.00,0.04,0.16,0.04,0.03,0.00,0.00,0.00,-0.00,0.03,0.01,0.00,0.01,0.00,0.00,0.10,0.00,0.00,0.08,0.00,0.14,0.02,0.05,0.00,0.00,0.13,0.00,0.00,-0.00,0.00,0.00,0.09,0.11,0.03,0.00,0.08,0.08,0.00,0.03,0.00,0.00,0.00,0.00,0.00,0.00,0.01,0.00,0.05,0.04,0.00,0.00,0.02,0.14,0.00,0.00,0.07,0.05,0.06,0.11,0.00,0.00,0.00,0.00,0.00,0.02,0.09,0.00,0.13,0.00,0.08,0.22,0.00,0.08,0.00,0.00,0.00,0.05,0.00,0.00,0.19,0.00,0.10,0.11,0.10,0.00,0.00,0.02,0.07,0.00,0.06,0.02,0.00,0.00,0.00,0.01,0.00,0.00,0.10
0.00,0.01,0.00,0.04,0.02,0.00,0.00,0.10,0.00,0.00,0.08,0.06,0.05,0.00,0.04,0.00,0.03,0.00,0.00,0.04,0.00,0.06,0.00,0.03,0.00,0.08,0.12,0.05,0.00,0.02,0.00,0.04,0.00,0.02,0.00,0.01,0.00,0.02,0.00,0.00,0.00,0.01,0.13,0.00,0.02,0.00,0.03,0.00,0.02,0.04,0.03,0.00,0.04,0.00,0.15,0.04,0.07,0.02,0.00,0.06,0.00,0.00,0.00,0.01,0.00,-0.00,0.13,0.01,0.00,0.01,0.02,0.04,0.10,0.00,0.00,0.11,-0.00,0.00,0.03,0.09,0.07,0.11,0.00,0.01,0.00,0.00,0.07,0.04,0.12,0.02,0.02,0.00,0.08,0.00,0.00,0.00,0.02,0.00,0.03,0.13,0.09,0.00,0.00,0.03,0.04,0.07,0.20,0.12,0.00,0.03,0.02,0.00,0.00,0.07,0.19,0.12,0.03,0.01,0.09,0.00,0.06,0.00,0.06,0.00,0.03,0.00,-0.00,0.00,0.00,0.07,0.00,0.00,0.00,0.00,0.00,0.00,0.00,0.18,0.03,0.12,0.10,0.00,0.00,0.00,0.00,0.03,0.00,0.00,0.00,0.00,0.05,0.00,0.00,0.00,0.02,0.05,0.00,0.07,0.01,0.09,0.03,0.00,0.00,0.00,0.07,0.00,0.02,0.00,0.03,0.00,0.12,0.06,-0.00,0.00,0.00,0.04,0.20,0.09,0.00,0.00,0.00,0.07,0.00,0.00,0.16,0.01,0.09,0.04,0.01,0.00,0.13,0.00,0.03,0.04,0.00,0.05,0.00,0.00,0.03,0.00
0.15,0.00,-0.00,0.05,0.00,0.00,0.01,0.00,0.00,0.00,0.14,-0.00,0.02,0.00,0.00,0.00,0.00,0.04,0.04,0.06,0.12,0.07,0.00,0.07,0.00,0.00,0.05,0.05,0.15,0.05,0.14,0.00,0.00,0.00,0.00,0.00,0.11,0.00,0.00,-0.00,0.00,0.06,0.00,0.00,0.02,0.00,0.00,0.00,0.00,0.01,0.00,0.01,0.00,0.00,0.09,0.08,0.00,0.02,0.06,0.14,0.07,0.04,0.07,0.07,0.00,0.00,0.00,0.19,0.02,0.00,0.00,0.09,0.00,0.09,0.00,0.06,0.09,0.04,0.02,0.00,-0.00,0.02,0.05,0.00,0.05,0.00,0.00,0.06,0.08,0.00,0.03,0.04,0.00,0.00,0.00,0.00,0.13,0.00,0.00,0.00,0.00,0.00,0.02,0.03,0.05,0.00,0.11,0.06,0.00,0.01,0.00,0.05,0.00,0.07,0.00,0.00,0.00,0.00,0.14,0.00,0.00,0.00,0.12,0.00,0.01,0.04,0.00,0.00,0.02,0.00,0.13,0.00,0.00,0.00,0.26,0.00,0.00,0.00,0.09,0.03,0.00,0.05,0.00,0.05,0.00,0.00,0.00,0.00,0.00,0.07,0.00,0.00,0.00,0.07,0.18,0.03,0.00,0.15,0.00,0.04,0.00,0.00,0.00,0.00,0.01,0.00,0.02,0.00,0.05,0.06,0.00,0.07,0.04,0.00,0.04,0.00,0.12,0.04,0.12,0.02,0.01,0.00,0.07,0.00,0.00,0.02,0.00,0.00,0.00,0.00,0.00,0.00,0.02,0.00,0.00,0.09,0.03,0.06,0.05,0.00
0.00,0.06,0.48,0.67,0.00,0.00,0.60,0.05,0.11,0.13,0.13,0.19,0.00,0.00,0.00,0.55,0.20,0.05,0.58,0.03,0.05,0.56,0.55,0.60,0.02,0.83,0.04,0.00,0.49,0.00,0.00,0.03,0.03,0.00,0.55,0.00,0.66,0.08,0.08,0.05,0.53,0.12,0.06,0.02,0.00,0.70,0.05,0.07,0.00,0.51,0.00,0.58,0.06,-0.00,0.00,0.63,0.15,0.00,0.04,0.07,0.00,0.00,0.59,0.52,0.12,0.00,0.00,0.42,0.00,0.00,0.00,0.00,0.65,0.64,0.43,0.00,0.00,0.10,0.10,0.01,0.05,0.59,0.00,0.49,0.00,0.09,0.00,0.06,0.00,0.00,0.00,0.02,0.00,0.00,0.11,0.00,0.00,0.00,0.17,0.03,0.04,-0.00,0.67,0.00,0.60,0.00,0.00,0.00,0.00,0.00,0.00,0.59,0.00,0.00,-0.00,0.00,0.08,0.00,0.01,0.17,0.71,0.02,0.00,0.47,0.00,0.77,0.00,0.52,-0.00,0.13,0.00,0.10,0.04,0.73,0.00,0.00,0.00,0.00,0.21,0.15,0.56,0.00,0.02,0.00,0.00,0.00,0.00,0.00,0.00,0.00,0.03,0.07,0.00,0.00,0.00,0.00,0.02,0.03,0.01,0.00,0.53,-0.00,0.63,0.00,0.00,0.00,0.00,0.52,0.00,0.64,0.03,0.52,0.05,0.00,0.04,0.03,0.23,0.03,0.07,0.00,0.03,0.13,0.00,0.48,0.05,0.11,0.01,0.11,0.00,0.11,0.00,0.59,0.10,0.04,0.07,0.00,0.10,0.00,0.06,0.00
0.56,0.50,0.03,0.08,0.01,0.00,0.00,0.00,0.00,0.00,0.00,0.05,0.82,0.00,0.09,0.14,0.00,0.00,0.00,0.06,0.00,0.00,0.73,0.00,0.17,0.00,0.00,0.00,0.00,0.00,0.00,0.09,0.09,0.70,0.02,0.64,0.71,0.04,0.04,0.04,0.03,0.65,0.06,0.02,-0.00,0.56,-0.00,0.54,0.83,0.04,0.03,0.11,0.67,0.06,0.00,0.06,0.00,0.02,0.79,0.00,0.00,0.80,0.60,0.00,0.00,0.57,0.08,0.00,0.00,0.00,0.01,0.70,0.00,0.04,0.69,0.70,0.70,0.63,0.04,0.00,0.00,0.66,0.09,0.00,0.00,0.00,0.51,0.00,0.00,0.23,0.00,0.11,0.04,0.16,0.10,0.09,0.02,0.02,0.03,0.63,0.70,0.00,0.07,0.06,0.00,0.07,0.59,0.67,0.09,0.01,0.00,0.00,0.72,0.73,0.00,0.14,0.00,0.00,0.00,0.12,0.10,0.68,0.00,0.72,0.17,0.01,0.03,0.00,0.60,0.00,0.68,0.00,0.68,0.00,0.00,0.00,0.00,0.00,0.06,0.00,0.00,0.00,0.00,0.00,0.00,0.00,0.00,0.04,0.63,0.00,0.00,0.10,0.00,0.03,0.00,0.12,0.01,0.61,0.00,0.00,0.01,0.65,0.89,0.03,0.02,0.00,-0.00,0.02,0.09,0.69,0.00,0.07,0.00,0.00,0.61,0.04,0.00,0.00,0.00,0.00,0.10,0.00,0.00,0.00,0.00,0.09,0.83,0.00,0.00,0.64,0.00,0.03,0.03,0.00,0.00,0.00,0.06,0.00,0.00,0.00
0.01,0.02,0.00,0.05,0.02,0.07,0.00,0.00,0.00,0.00,0.00,0.04,0.05,0.03,0.00,0.09,0.00,0.00,0.05,0.12,0.06,0.08,0.00,0.01,0.00,0.10,0.00,0.05,0.00,0.12,0.00,0.00,0.00,0.09,0.00,0.04,0.06,0.03,0.07,0.07,0.00,0.00,0.01,0.12,0.07,0.09,0.00,0.00,-0.00,0.00,0.08,0.11,0.00,0.12,0.00,0.00,0.01,0.00,0.00,0.00,0.00,0.00,0.08,0.00,0.00,-0.00,0.00,0.02,0.12,0.00,0.00,0.00,0.03,0.00,0.15,0.05,0.07,0.08,0.07,0.00,0.02,0.00,0.12,0.00,0.05,0.14,0.09,0.11,0.17,0.08,0.11,0.02,0.12,0.00,0.00,0.00,0.00,0.00,-0.00,0.04,0.19,0.09,0.00,0.00,0.16,0.00,-0.00,0.01,0.00,-0.00,0.00,0.00,0.02,0.00,-0.00,0.08,0.00,0.00,0.13,0.00,0.00,0.00,0.00,0.06,0.04,0.07,0.00,0.00,0.00,0.02,0.12,0.14,0.14,0.04,0.12,0.06,0.03,0.02,0.05,0.00,0.07,0.02,0.00,0.09,0.08,0.00,-0.00,0.00,0.00,0.00,0.07,0.05,0.00,0.06,0.15,0.03,0.05,0.00,0.00,0.00,0.00,0.00,0.00,0.00,0.00,0.07,0.08,0.00,0.00,0.00,0.00,0.07,0.00,0.11,-0.00,0.10,0.00,0.00,0.05,0.07,0.00,0.08,0.00,0.11,0.10,0.14,0.06,-0.00,0.14,0.03,0.00,0.11,0.00,0.00,0.08,0.00,0.00,0.00,0.00,0.01
0.06,0.06,0.08,0.04,0.10,-0.00,0.05,0.07,0.04,0.06,0.02,0.00,0.16,0.01,0.08,0.00,0.00,0.00,0.00,0.02,0.00,0.00,0.00,0.09,0.10,0.08,0.00,0.21,0.14,0.00,0.00,0.00,0.00,0.03,0.00,0.01,0.01,-0.00,0.02,0.01,0.05,0.00,0.15,0.01,0.08,0.00,0.00,0.10,0.00,0.00,0.02,0.03,0.00,0.08,0.02,0.13,0.00,0.16,0.00,0.07,0.04,0.01,0.03,0.00,0.00,0.09,0.00,0.03,0.10,0.02,0.00,0.00,0.11,0.00,0.00,0.01,0.06,0.06,0.00,0.07,0.06,0.00,0.10,0.08,0.13,0.00,0.10,0.00,0.03,0.00,0.00,0.00,0.00,0.04,0.00,0.04,0.06,0.09,0.00,0.05,0.00,0.02,0.00,0.00,0.10,0.00,0.00,0.00,0.00,0.02,0.07,0.00,0.01,0.06,0.02,0.14,0.05,0.00,0.04,0.00,0.00,0.07,0.08,0.00,0.03,0.04,0.00,0.05,0.00,0.01,0.00,0.00,0.10,0.11,0.00,0.14,0.07,0.00,0.01,0.00,0.00,0.00,0.03,0.08,0.00,0.07,0.03,0.08,0.00,0.00,-0.00,0.17,0.12,0.05,0.00,-0.00,0.00,0.03,0.00,0.00,0.00,0.00,0.06,0.00,0.04,0.03,0.07,0.00,0.00,0.07,0.00,0.00,0.08,0.00,0.00,0.00,0.04,0.00,0.00,0.00,0.04,0.00,0.00,0.02,0.05,0.00,0.01,0.02,0.00,0.11,0.09,0.05,0.00,0.00,0.00,0.01,0.07,0.00,0.04,0.01
0.00,0.01,0.01,0.06,0.56,0.52,0.00,0.41,0.11,0.07,0.02,0.00,0.00,0.50,0.00,0.10,0.01,0.00,0.51,0.05,0.00,0.00,0.15,0.00,0.00,-0.00,0.44,0.10,0.51,0.05,0.09,0.50,0.08,0.09,0.00,0.53,0.10,0.68,0.07,0.00,0.00,0.00,0.41,0.55,0.00,0.51,-0.00,0.00,0.53,0.00,0.04,0.00,0.47,0.58,0.00,0.01,0.03,0.06,0.00,0.11,0.00,0.01,0.02,0.00,0.76,0.39,0.15,0.00,0.00,0.04,0.00,0.56,0.12,0.00,0.00,0.14,0.01,0.01,0.07,-0.00,0.00,0.00,0.06,0.02,0.00,0.00,0.00,0.00,0.00,0.00,0.00,0.00,0.00,-0.00,0.00,0.46,0.06,0.48,0.48,0.53,0.00,0.00,0.00,0.08,0.48,0.07,0.15,0.15,0.11,0.01,0.00,0.00,0.09,0.03,0.00,0.00,0.17,0.50,0.02,0.00,0.00,0.00,0.00,0.07,0.00,0.00,0.00,0.00,0.00,0.05,0.06,0.49,0.48,0.00,0.00,0.06,0.00,0.00,0.53,0.00,0.00,0.00,0.00,0.54,0.10,0.00,0.00,0.07,0.11,0.11,0.00,0.00,0.47,0.06,0.03,0.03,0.00,0.56,-0.00,0.00,0.50,0.06,0.05,0.01,0.00,0.04,0.00,0.00,0.05,0.59,0.00,0.02,0.23,0.05,0.44,0.00,0.14,0.03,0.00,0.04,0.07,0.02,0.00,0.07,0.00,0.00,0.03,0.04,0.12,0.00,0.01,0.00,0.05,0.08,0.00,0.00,0.09,0.03,0.07,0.09
0.05,0.00,0.00,0.05,0.00,0.02,0.03,0.00,0.00,0.00,0.00,0.02,0.04,0.03,0.02,0.04,0.09,0.02,0.00,0.04,0.00,0.14,0.02,0.01,0.00,0.00,0.01,0.00,0.04,0.00,0.02,0.03,0.01,0.00,0.00,0.00,0.16,0.00,0.09,0.00,0.00,0.00,0.00,0.08,0.00,0.03,-0.00,0.00,0.00,0.03,0.00,0.10,0.01,0.00,0.00,0.00,0.02,0.00,0.07,0.05,0.07,0.00,0.05,0.18,0.00,0.11,0.00,0.08,0.00,0.00,0.13,0.00,0.00,-0.00,0.09,0.00,0.01,0.05,0.02,0.00,0.05,0.10,0.18,0.00,0.03,0.00,0.00,0.00,0.01,0.00,0.09,0.00,0.10,0.07,0.00,0.10,0.05,0.00,0.04,0.00,0.02,0.00,0.07,0.00,0.03,0.02,0.04,0.08,0.00,0.00,0.00,0.00,0.04,0.05,0.06,0.02,0.00,0.03,0.06,0.00,0.00,0.00,0.04,0.03,0.05,0.00,0.02,0.01,0.00,0.04,0.10,0.10,0.00,0.00,0.00,-0.00,0.05,0.07,0.06,0.05,0.00,0.15,0.00,0.00,0.00,0.03,0.00,0.00,0.15,0.00,0.00,0.03,0.00,0.00,0.07,0.00,0.00,0.10,0.00,0.10,0.05,0.07,0.06,0.14,0.00,0.00,0.00,0.01,0.11,0.00,0.00,0.04,0.00,0.00,0.00,0.00,0.03,0.00,0.00,-0.00,0.04,0.05,0.03,0.06,0.02,0.00,0.12,0.00,0.01,0.04,0.00,0.05,0.02,0.00,0.00,0.09,0.00,0.00,0.13,0.04
0.02,0.00,0.00,0.13,0.01,0.05,0.12,0.15,-0.00,0.03,0.00,0.22,0.00,0.01,0.00,0.00,0.00,0.09,0.00,0.01,0.05,0.04,0.00,0.00,0.09,0.00,0.03,0.00,0.00,0.00,0.00,0.12,0.00,0.00,0.10,0.05,0.00,-0.00,0.04,0.11,0.00,0.08,0.00,0.00,0.07,0.06,0.09,-0.00,0.04,0.00,0.06,0.00,0.00,0.04,0.00,0.13,0.00,0.00,0.00,0.00,0.00,0.00,0.00,0.00,0.00,0.11,0.00,0.02,0.01,0.09,0.08,0.00,0.00,0.14,0.00,0.00,0.09,0.12,0.00,0.03,0.10,0.00,0.14,0.00,0.00,0.00,0.00,0.03,0.00,0.00,0.00,0.01,0.01,0.01,0.00,0.12,0.04,0.04,0.00,0.03,0.02,0.07,0.00,0.11,0.00,0.06,0.23,0.03,0.00,0.02,0.01,0.02,0.05,0.14,0.00,0.00,0.08,0.00,0.00,0.01,0.06,0.02,0.00,0.00,0.00,0.05,0.00,0.06,0.00,0.11,0.00,0.00,0.00,-0.00,0.00,0.00,0.02,0.07,0.05,0.00,0.00,0.00,0.00,0.00,0.14,0.06,0.10,0.00,0.00,0.00,0.00,0.01,0.01,0.00,0.00,0.00,0.00,0.09,0.12,0.01,0.00,-0.00,0.00,0.08,0.07,0.00,0.02,0.05,0.03,0.03,0.11,-0.00,0.00,0.00,0.08,0.04,0.02,0.00,0.08,0.12,0.00,0.06,0.12,0.00,0.00,0.07,0.05,0.05,0.00,0.00,0.05,0.07,0.03,0.00,0.07,0.05,0.09,0.01,0.08,0.00
0.12,0.03,0.02,0.04,0.07,0.00,0.06,0.00,0.08,0.00,0.05,0.00,0.00,0.09,0.02,0.07,0.02,0.00,0.00,0.07,0.03,-0.00,0.02,0.13,0.21,0.00,0.00,0.01,0.06,0.01,0.09,0.08,0.01,0.02,0.17,0.04,0.00,0.01,0.00,0.01,0.00,0.07,0.00,0.00,0.00,0.00,0.00,0.14,0.06,0.00,0.00,0.00,0.00,0.00,0.02,0.06,0.00,0.00,0.05,0.00,0.07,-0.00,0.07,0.00,0.00,0.06,0.00,0.04,0.00,0.02,0.03,0.00,0.00,0.01,0.00,0.00,-0.00,0.00,0.00,0.08,0.10,0.02,0.06,0.00,0.08,0.00,0.13,0.00,0.00,0.14,0.00,0.00,0.01,0.02,0.00,0.00,0.02,0.04,0.07,0.00,0.00,0.09,0.17,0.10,0.00,0.00,0.00,0.00,0.01,0.01,0.00,0.00,0.08,-0.00,0.00,0.00,0.00,0.07,0.00,0.07,0.01,0.00,0.00,0.00,0.00,0.00,0.03,0.00,0.01,0.00,0.01,0.00,0.06,0.12,0.09,0.01,0.02,0.00,0.07,0.00,0.15,0.00,0.00,0.04,0.04,0.00,0.10,0.01,0.00,0.11,0.00,0.10,0.00,0.03,0.00,0.02,0.00,0.00,0.02,-0.00,0.02,0.07,0.00,0.00,0.00,0.05,0.00,0.05,0.04,0.07,0.00,0.00,0.02,0.00,0.04,0.00,0.03,0.00,0.00,0.00,0.00,-0.00,0.04,0.01,0.00,0.00,0.00,0.00,0.00,0.00,0.00,0.00,0.00,0.03,0.10,0.00,0.01,0.10,0.00,0.00
0.00,0.00,0.06,0.00,0.17,0.07,0.00,0.05,0.00,0.05,0.03,0.00,0.04,0.00,0.01,0.02,0.00,0.01,0.08,0.02,0.00,0.03,0.03,0.13,0.09,0.10,0.00,0.04,0.00,0.04,0.01,0.02,0.07,0.05,0.07,0.00,0.02,0.04,0.05,0.00,0.00,0.00,0.00,0.00,0.01,0.16,0.00,0.00,0.03,0.05,0.00,0.00,0.07,0.04,0.00,0.03,0.03,0.00,0.06,0.02,0.00,0.07,0.00,0.00,0.03,0.03,0.11,0.00,0.00,0.01,0.00,0.02,0.00,0.03,0.00,0.14,0.00,0.00,0.00,0.00,0.00,0.00,0.00,0.00,0.00,0.00,0.00,0.05,0.02,0.00,0.06,0.00,0.10,0.00,0.02,0.00,0.00,0.06,0.02,0.00,0.12,0.09,0.03,0.00,0.08,0.00,0.00,0.02,0.00,0.07,0.02,-0.00,0.04,0.00,0.00,0.01,0.00,0.00,0.11,0.07,-0.00,0.09,0.00,0.10,0.01,0.09,0.12,0.04,0.00,0.00,0.00,0.00,0.01,0.05,0.01,0.12,0.04,0.02,0.00,0.07,0.00,0.10,0.08,0.00,0.01,0.00,0.11,0.01,0.04,0.00,0.00,0.20,0.00,0.01,0.13,0.12,0.21,0.00,0.14,0.06,0.00,0.09,0.00,0.04,0.08,0.00,0.01,0.01,0.00,0.00,0.00,0.00,0.03,0.00,0.00,0.00,0.03,0.00,0.08,0.00,0.00,0.05,0.07,0.00,0.07,0.02,0.00,0.09,0.00,0.00,0.01,0.00,0.00,0.13,0.00,0.06,0.07,0.16,0.00,0.00
0.04,0.00,0.00,0.00,0.00,0.02,0.04,0.15,0.13,0.00,0.03,0.00,0.03,0.02,0.03,0.01,0.00,0.05,0.06,0.09,0.02,0.00,0.00,0.14,0.05,0.00,0.03,0.10,0.12,0.00,0.00,0.10,0.00,0.00,0.05,0.00,0.00,0.00,0.04,0.01,0.02,0.00,0.09,0.00,0.01,0.00,0.00,0.00,0.07,0.00,0.04,0.09,0.00,0.00,-0.00,0.00,0.08,0.01,0.02,0.01,0.04,0.00,0.00,0.00,0.01,0.04,0.00,0.12,0.00,0.06,0.00,0.15,0.01,0.02,0.01,0.02,0.00,0.06,0.00,0.06,0.06,0.03,0.00,0.00,0.04,0.10,0.01,0.03,-0.00,0.13,0.00,0.05,0.00,0.00,0.04,0.01,0.06,0.02,0.05,0.00,0.09,0.09,0.05,0.00,0.00,0.00,0.06,0.00,0.01,0.00,0.00,0.08,0.00,0.00,0.02,0.00,0.00,0.00,0.16,0.10,0.03,0.00,0.02,0.01,0.20,0.00,0.00,0.00,0.01,0.00,0.02,0.00,0.00,0.01,0.03,0.01,0.00,0.05,0.00,0.00,0.06,0.09,0.05,0.00,0.00,0.07,0.03,0.06,0.00,0.01,0.00,0.00,0.06,0.00,0.03,-0.00,0.04,0.01,0.02,0.09,0.10,0.08,0.05,0.02,0.00,0.03,0.08,0.02,0.04,0.02,0.03,0.00,0.03,0.00,0.04,0.14,0.00,0.00,0.00,0.00,0.00,0.00,0.00,0.00,0.04,0.01,0.04,0.04,0.09,0.03,0.00,-0.00,0.04,0.02,0.00,0.00,0.03,0.15,0.00,0.00
0.09,0.01,0.60,0.58,0.05,0.00,0.57,-0.00,0.00,0.00,0.00,0.00,0.06,0.08,0.04,0.57,0.00,0.11,0.39,0.00,0.00,0.67,0.48,0.56,0.00,0.52,0.02,0.06,0.66,0.06,0.00,0.11,0.01,0.01,0.72,0.07,0.67,0.00,0.00,0.00,0.68,0.01,0.09,0.07,0.04,0.65,0.00,0.02,0.00,0.54,0.00,0.61,0.11,0.11,0.06,0.50,0.00,0.05,0.11,0.00,0.00,0.04,0.50,0.53,0.00,0.12,0.09,0.56,0.00,0.00,0.00,0.00,0.71,0.63,0.70,0.02,0.01,-0.00,0.00,0.00,0.10,0.64,0.00,0.56,0.00,0.06,0.00,0.06,0.01,0.00,0.00,0.15,0.04,0.00,0.00,0.00,0.01,0.02,0.00,0.03,0.09,0.00,0.60,0.16,0.58,0.00,0.01,0.02,0.09,0.00,0.00,0.73,0.05,0.02,0.03,0.01,0.05,0.15,0.01,0.03,0.59,0.09,0.09,0.60,0.00,0.50,-0.00,0.63,0.00,0.09,0.02,0.06,0.00,0.64,0.00,0.06,0.00,0.00,0.00,0.10,0.66,0.00,0.11,0.00,0.00,0.00,0.02,0.00,0.00,-0.00,0.00,0.00,0.00,0.04,0.00,0.00,0.02,0.00,0.00,0.00,0.63,0.00,0.68,0.18,0.00,0.00,0.00,0.66,0.00,0.60,0.06,0.69,0.00,0.03,0.00,0.00,0.00,0.00,-0.00,0.00,0.00,0.09,0.00,0.51,0.02,0.07,0.00,0.01,0.00,0.06,0.00,0.43,0.09,0.00,0.00,0.00,0.13,0.00,0.11,0.00
0.01,0.00,0.01,0.00,0.00,0.00,0.11,0.15,0.00,0.05,0.03,0.01,0.00,0.00,0.04,0.03,0.01,0.08,0.00,0.03,0.00,0.00,0.00,0.00,0.00,0.00,0.00,0.10,0.00,0.08,0.00,0.00,0.06,0.00,0.00,0.00,0.03,0.03,0.20,0.00,0.02,0.03,0.03,0.00,0.00,0.12,0.14,0.04,0.00,0.00,0.00,0.01,0.11,0.11,0.00,0.00,0.09,0.18,0.02,0.02,0.00,0.00,0.00,0.00,0.00,0.00,0.00,0.01,0.03,0.05,0.11,0.14,0.02,0.00,0.00,0.00,0.00,0.00,0.00,0.00,0.00,0.00,0.00,0.00,0.17,0.06,0.00,0.07,0.04,0.03,0.05,0.00,0.09,0.01,0.00,0.01,0.00,0.08,-0.00,0.00,0.00,0.00,0.00,0.01,0.00,0.10,0.00,0.07,0.04,0.00,0.04,0.00,0.00,0.00,0.00,0.00,0.04,0.00,0.02,0.00,0.00,0.00,0.00,0.09,0.00,0.09,0.11,0.08,0.01,0.00,0.00,0.00,0.00,0.00,0.00,0.00,0.00,0.00,0.09,0.00,0.10,0.00,0.02,0.00,0.23,0.00,0.01,0.17,0.16,0.07,0.00,0.11,0.02,0.03,0.00,0.00,0.00,-0.00,0.00,0.05,0.06,0.00,0.05,0.00,0.00,0.00,0.07,0.00,0.00,0.02,0.00,0.00,0.00,0.07,0.01,0.07,0.03,0.05,0.00,0.01,0.00,0.02,0.08,0.01,0.11,0.00,0.04,0.02,0.00,0.08,0.00,0.11,0.00,0.00,0.11,0.00,0.04,0.00,0.11,0.00
0.55,0.75,0.61,0.51,0.00,0.00,0.50,0.00,0.00,0.00,0.00,0.05,0.62,0.00,0.00,0.66,0.16,0.03,0.71,0.11,0.01,0.62,1.16,0.62,0.00,0.68,0.11,0.10,0.62,0.00,0.00,0.00,-0.00,0.65,0.61,0.56,1.23,0.00,0.01,0.15,0.54,0.73,0.10,0.11,0.04,1.38,0.00,0.66,0.56,0.54,0.10,0.55,0.64,0.00,0.00,0.58,0.00,0.00,0.62,0.04,0.05,0.72,1.26,0.65,0.00,0.80,0.00,0.61,0.07,0.00,0.21,0.64,0.64,0.61,1.15,0.73,0.65,0.61,0.04,0.00,0.00,1.25,0.04,0.61,0.02,0.08,0.75,0.00,0.00,0.12,0.00,0.00,-0.00,0.02,0.00,0.03,0.09,0.00,0.00,0.72,0.74,0.04,0.56,0.08,0.57,0.05,0.66,0.64,0.08,0.00,0.00,0.64,0.79,0.75,0.00,0.00,0.16,0.06,0.00,0.08,0.63,0.77,0.16,1.16,0.00,0.54,0.00,0.53,0.57,0.10,0.64,0.09,0.55,0.71,0.02,0.05,0.02,0.00,-0.00,0.09,0.67,0.00,0.00,0.00,0.00,0.02,0.00,-0.00,0.72,0.02,0.08,0.00,0.00,0.00,0.00,-0.00,0.00,0.69,0.10,0.03,0.62,0.64,1.13,0.09,0.00,0.03,0.00,0.64,0.00,1.21,0.00,0.70,0.07,0.00,0.78,0.12,0.04,0.00,0.00,0.04,0.12,0.02,0.00,0.57,0.10,0.09,0.74,0.05,0.00,0.70,0.04,0.51,0.00,0.00,0.00,0.15,0.05,0.00,0.03,0.00
0.00,0.00,0.65,0.76,0.46,0.43,0.48,0.53,0.00,0.01,0.04,0.00,0.05,0.52,0.07,0.55,0.00,0.06,1.12,-0.00,0.07,0.46,0.56,0.69,0.03,0.71,0.58,-0.00,1.11,0.00,0.00,0.44,0.06,0.00,0.48,0.48,0.57,0.48,0.00,0.01,0.49,-0.00,0.61,0.54,-0.00,1.07,0.00,0.01,0.50,0.59,0.08,0.69,0.51,0.48,0.00,0.64,0.02,0.11,0.09,0.04,0.05,0.09,0.64,0.56,0.63,0.45,0.00,0.66,0.04,0.00,0.00,0.61,0.62,0.58,0.49,0.00,0.03,0.00,0.00,0.00,0.04,0.46,0.03,0.62,0.04,0.04,0.11,0.07,0.05,0.01,0.03,0.03,0.00,0.00,0.00,0.44,0.00,0.47,0.46,0.51,0.12,0.00,0.58,0.00,1.19,0.00,0.00,0.08,0.00,0.04,0.00,0.65,0.00,0.00,0.02,0.00,0.02,0.60,0.00,0.00,0.47,0.00,0.04,0.66,0.06,0.46,0.06,0.59,0.05,0.00,0.07,0.64,0.60,0.54,0.10,0.04,-0.00,0.00,0.44,0.02,0.52,0.00,0.00,0.41,0.05,0.00,0.04,-0.00,0.00,0.02,0.05,0.10,0.62,0.00,0.04,0.00,0.00,0.45,0.09,0.00,1.00,0.02,0.64,0.00,0.00,0.00,0.00,0.44,0.04,0.97,0.01,0.52,0.00,0.15,0.36,0.05,0.00,0.00,0.00,0.00,0.00,0.00,0.00,0.57,0.00,0.00,0.01,0.00,-0.00,0.00,0.00,0.53,0.08,0.04,0.00,0.05,0.02,0.08,0.08,0.01
0.05,0.00,0.00,0.00,0.07,0.08,0.00,0.10,0.07,0.00,0.00,0.03,0.00,0.16,0.00,0.06,0.03,0.00,0.00,0.10,0.00,0.00,0.10,0.00,0.00,0.00,0.00,0.00,0.00,0.12,0.00,0.00,0.00,0.09,0.00,0.04,0.00,0.00,0.03,0.00,0.00,0.00,0.04,0.04,0.02,0.21,0.00,0.00,0.00,0.01,0.00,0.05,0.00,0.06,0.00,0.00,0.04,0.00,0.00,0.05,0.00,0.00,0.08,0.08,0.03,0.12,0.00,0.00,0.03,0.09,0.05,0.09,0.00,0.00,0.03,0.05,0.04,0.00,0.00,0.00,0.18,0.00,0.12,0.13,0.13,0.04,0.06,0.00,0.02,0.01,0.00,0.06,0.05,0.07,0.01,0.00,0.06,0.13,0.00,0.00,0.00,0.00,-0.00,-0.00,0.00,0.00,0.01,0.01,0.06,0.06,0.00,-0.00,0.00,0.00,0.00,0.10,-0.00,0.00,0.09,-0.00,0.00,0.02,0.05,0.00,0.00,0.00,0.03,0.00,0.00,-0.00,0.00,0.16,0.00,0.00,0.11,0.03,0.00,0.00,0.10,0.00,0.05,0.00,0.00,0.12,0.01,0.00,0.07,0.00,0.00,0.00,0.00,-0.00,0.00,0.06,0.04,0.00,0.00,0.00,0.03,0.00,0.00,0.00,0.00,0.00,0.00,0.08,0.01,0.00,0.06,0.03,0.05,0.05,0.02,0.00,0.12,0.00,0.01,0.00,0.00,0.06,0.07,0.01,0.00,0.06,0.00,0.00,0.11,0.13,0.01,0.10,0.05,0.00,0.00,0.00,0.00,0.01,0.01,0.00,0.00,0.00
0.00,0.04,0.03,0.00,0.00,0.02,0.00,0.03,0.02,0.01,0.08,0.03,0.04,0.00,0.13,0.00,0.04,0.00,0.00,0.02,0.05,0.00,0.00,0.03,0.08,0.14,0.00,0.00,0.09,0.11,0.00,0.00,0.05,0.00,0.08,0.00,0.07,0.20,0.12,0.07,0.00,0.12,0.04,0.05,0.08,0.04,0.13,0.06,0.03,0.03,0.03,0.07,0.00,0.00,0.00,0.00,0.00,0.02,0.19,0.15,0.05,0.00,0.00,0.00,0.01,0.00,0.00,0.00,0.07,0.00,0.00,0.03,0.01,0.00,0.04,0.04,0.00,0.00,0.11,0.04,0.00,0.00,0.00,0.14,0.00,0.06,0.14,0.13,0.00,0.06,0.00,0.00,0.05,0.00,0.02,0.00,0.00,0.06,0.00,0.03,0.07,0.00,0.02,0.12,0.00,0.00,0.00,0.13,0.09,0.12,0.00,0.00,0.00,0.00,0.03,0.14,0.02,0.08,0.00,0.07,0.00,0.05,-0.00,0.00,0.00,-0.00,0.08,0.02,0.00,0.07,0.00,0.00,0.00,0.15,0.01,0.04,0.00,0.04,0.00,0.06,0.03,0.07,0.00,0.00,0.06,0.02,0.01,0.00,0.00,0.00,0.07,0.07,0.04,0.00,0.00,0.00,0.00,0.06,0.08,0.01,0.06,0.08,0.02,0.06,0.00,0.01,0.00,0.00,0.00,0.06,0.04,0.04,0.00,0.00,0.12,0.00,0.00,0.09,0.05,0.00,0.00,0.09,0.00,0.00,0.08,0.00,0.00,0.00,0.00,0.00,0.10,0.01,0.00,0.03,0.04,0.00,0.00,0.00,0.00,0.13
0.10,0.00,0.05,0.00,0.00,0.03,0.06,0.00,0.04,0.03,0.06,0.00,0.00,0.04,0.12,0.00,0.01,0.02,0.09,0.02,0.08,0.05,0.01,0.04,0.06,0.00,0.01,0.00,0.15,0.12,0.04,0.00,0.01,0.00,0.00,0.02,0.00,0.01,0.01,0.01,0.05,0.00,0.00,0.03,0.08,0.23,0.00,0.00,0.00,0.00,0.05,0.06,0.16,0.00,0.08,0.00,0.00,0.00,0.00,0.10,0.00,0.01,0.00,0.02,0.00,0.15,0.02,0.00,0.01,0.05,0.00,0.03,0.08,0.00,0.11,0.01,0.00,0.00,0.03,0.11,0.05,0.05,0.01,0.04,0.02,0.12,0.09,0.06,0.15,0.00,0.07,0.08,0.00,0.00,0.05,0.02,0.07,0.00,0.00,0.15,0.00,-0.00,0.04,0.03,0.00,0.06,0.04,0.00,0.00,0.00,0.03,0.11,0.15,0.00,0.00,0.00,0.06,0.00,0.02,0.05,0.12,0.00,0.02,0.00,0.03,0.07,0.00,0.00,0.00,0.13,0.00,0.00,0.00,0.00,0.00,0.00,0.00,0.05,0.04,0.00,0.11,-0.00,0.11,0.00,0.00,0.00,0.00,0.00,0.00,0.05,0.00,0.00,0.01,0.00,0.12,0.01,0.02,0.00,0.00,0.00,-0.00,0.00,0.00,0.01,0.07,0.12,0.00,0.08,0.00,0.00,0.00,0.02,0.00,0.00,0.00,0.00,0.03,0.00,0.02,0.06,0.00,0.03,0.00,0.14,0.00,0.00,0.00,0.08,0.00,0.11,0.08,0.08,0.00,0.02,0.00,0.00,0.05,0.00,0.02,0.00
0.05,0.00,0.00,0.00,0.43,0.56,0.00,0.56,0.02,0.03,0.11,0.00,0.17,0.46,0.00,0.00,-0.00,0.04,0.59,0.07,0.05,0.07,0.00,0.15,0.00,0.00,0.41,0.00,0.37,0.00,0.00,0.47,0.00,0.07,0.00,0.48,0.00,0.65,0.00,0.00,0.09,0.07,0.65,0.52,0.00,0.57,0.00,-0.00,0.38,0.05,0.00,0.10,0.56,0.54,0.07,0.00,-0.00,0.04,0.00,0.00,0.00,0.00,0.04,0.05,0.52,0.57,0.07,0.04,0.00,0.02,0.00,0.53,0.00,0.04,0.02,0.00,0.00,0.02,-0.00,0.01,0.05,0.02,0.00,0.02,0.00,0.00,0.04,0.00,0.00,0.01,0.02,0.00,-0.00,0.00,0.00,0.50,0.02,0.49,0.44,0.49,0.00,0.23,0.00,0.00,0.44,0.06,0.02,0.00,0.01,0.00,0.08,0.06,0.05,0.00,0.07,0.00,0.02,0.44,0.00,0.08,0.00,0.00,0.00,0.07,0.00,0.00,0.07,0.00,0.00,0.11,0.00,0.57,0.56,0.08,0.00,0.07,0.02,0.05,0.50,0.07,0.08,0.00,0.00,0.34,0.00,0.04,0.00,0.12,0.00,0.11,0.00,0.09,0.55,0.06,0.07,0.00,0.11,0.54,0.00,0.03,0.60,0.00,0.00,0.00,0.00,0.00,0.00,0.00,0.00,0.47,0.00,0.00,0.00,0.01,0.50,0.03,0.08,0.00,0.05,0.06,0.08,0.06,0.05,0.00,0.08,0.03,0.15,0.11,0.07,0.08,0.05,0.04,0.09,0.00,0.06,0.00,0.06,0.04,0.00,0.00
0.01,0.07,0.07,0.00,0.04,0.00,0.00,0.00,0.01,0.03,-0.00,0.02,0.02,0.00,0.00,0.09,0.00,0.00,0.02,0.00,0.00,0.00,0.00,0.00,0.00,0.00,0.00,0.00,0.11,0.00,0.00,0.00,0.00,0.01,0.03,0.04,0.04,0.00,0.08,0.00,0.00,0.03,-0.00,0.11,-0.00,0.00,0.00,0.00,0.08,0.15,0.00,0.00,0.02,0.00,0.00,0.03,0.01,0.00,0.00,0.00,0.00,-0.00,0.02,0.00,0.00,0.04,0.09,0.12,0.00,0.00,0.05,0.00,0.02,0.13,0.00,0.06,0.09,0.10,0.00,0.19,0.01,0.05,0.00,0.00,0.00,0.00,0.02,0.00,0.12,0.00,0.00,0.00,0.00,0.00,-0.00,0.04,0.15,0.05,0.08,0.00,0.03,0.06,0.00,0.03,0.06,0.00,0.00,0.00,0.03,0.00,0.09,0.00,0.00,0.15,0.01,0.00,0.00,0.07,0.00,0.09,0.00,0.00,0.00,0.00,0.05,0.00,0.00,0.00,-0.00,0.09,0.13,0.07,0.06,0.00,0.00,0.00,0.00,0.08,0.00,0.09,0.04,0.00,0.01,0.08,0.00,0.00,0.00,0.00,0.00,0.00,0.00,0.06,0.00,0.00,0.00,0.03,0.00,0.00,0.00,0.11,0.00,0.00,0.07,0.02,0.00,0.00,0.00,0.00,0.03,0.00,0.00,0.00,0.00,0.02,0.03,0.02,0.00,-0.00,0.00,0.04,0.00,0.00,0.00,0.01,0.17,0.05,0.06,0.01,0.00,0.00,0.03,0.12,0.02,0.02,0.00,0.00,0.08,0.05,0.02,0.00
0.09,0.00,0.00,0.00,0.01,0.04,0.12,0.07,0.03,0.00,0.09,0.16,0.00,0.00,0.05,0.00,0.05,0.02,0.04,0.08,0.00,0.00,0.05,-0.00,0.00,0.07,0.10,0.00,0.04,0.00,0.00,0.04,0.10,0.07,0.00,0.00,0.05,0.00,-0.00,0.00,0.00,0.00,-0.00,0.11,0.00,0.00,0.00,0.00,0.00,0.02,0.00,0.00,0.00,0.01,0.00,0.00,0.12,0.04,0.00,0.00,0.02,0.18,0.16,0.00,0.00,0.00,0.00,0.00,0.00,0.00,0.03,0.09,0.00,0.02,0.08,0.01,0.00,0.01,0.00,0.07,0.00,0.06,0.14,0.03,0.00,0.00,0.11,0.00,0.00,0.00,0.01,0.02,0.00,0.02,0.00,0.00,0.02,0.00,0.11,0.05,0.00,0.04,0.00,0.00,0.00,0.06,0.00,0.00,0.00,0.05,0.05,0.12,0.00,0.00,0.00,0.00,0.06,0.00,0.00,0.00,0.00,0.00,0.00,0.01,0.00,0.00,0.00,0.00,0.00,0.05,0.00,0.07,0.03,0.00,0.00,0.00,0.00,0.02,0.01,0.07,0.04,0.04,0.05,0.00,0.00,0.00,0.00,0.00,0.09,0.14,0.00,0.00,0.00,-0.00,0.00,0.03,0.12,0.12,0.02,0.00,0.00,0.00,0.00,0.05,0.09,0.00,0.00,-0.00,0.06,0.02,0.00,0.05,0.00,0.14,0.00,0.00,0.00,0.08,0.02,0.14,0.00,0.00,0.00,0.00,0.00,0.08,-0.00,0.00,0.11,0.00,0.00,0.12,0.00,0.00,0.00,0.00,0.03,0.00,0.04,-0.00
0.00,0.00,0.04,0.00,0.00,0.00,0.00,0.02,0.00,0.00,0.00,0.00,0.00,0.11,0.07,0.00,0.00,0.13,0.02,0.00,0.00,0.11,0.00,0.00,0.01,0.00,0.00,0.00,0.03,0.04,-0.00,0.02,0.00,0.14,0.02,0.00,0.09,0.00,-0.00,0.00,0.00,0.00,0.00,0.09,0.05,0.02,0.00,0.00,0.00,0.00,0.04,0.00,0.08,0.09,0.00,0.00,0.00,0.00,0.05,0.05,0.00,0.12,-0.00,0.06,0.04,0.06,0.04,0.00,0.00,0.00,0.00,0.00,0.00,0.10,0.05,0.10,0.05,0.07,0.03,-0.00,0.00,0.11,0.00,0.09,0.00,0.00,0.00,0.00,0.08,0.02,0.00,0.00,0.00,0.00,0.00,0.00,0.02,0.01,0.00,0.00,0.00,0.04,0.07,0.00,0.02,0.00,0.05,0.04,0.00,0.17,0.01,0.00,0.00,0.00,0.00,0.04,-0.00,0.01,0.00,0.03,0.00,0.00,0.00,0.12,0.00,0.07,0.00,0.00,0.11,0.00,0.00,-0.00,0.00,0.15,0.00,0.03,0.00,0.00,0.04,0.03,0.08,0.03,0.00,0.00,0.00,0.09,0.04,0.07,0.14,0.00,0.00,0.02,0.08,0.05,0.05,0.00,0.12,0.09,0.00,0.00,0.00,0.01,0.01,0.06,0.11,0.01,0.04,0.00,0.02,0.00,0.03,0.01,0.02,0.20,0.04,0.00,0.00,0.01,0.10,0.00,0.00,0.05,0.00,0.00,0.04,0.03,0.00,0.04,0.00,0.00,-0.00,0.00,0.06,0.03,0.14,0.04,0.00,0.00,0.00,0.05
0.00,0.00,0.06,0.01,0.06,0.03,0.06,0.00,0.13,0.00,-0.00,0.00,0.00,0.00,0.04,0.00,0.00,0.01,0.03,0.07,0.03,0.00,0.07,0.00,0.00,0.00,0.02,0.00,0.00,0.01,0.00,0.00,0.02,0.02,0.09,-0.00,0.00,0.00,0.03,0.09,0.16,0.00,0.09,0.00,0.09,0.00,0.00,0.00,0.00,0.00,0.07,0.17,0.00,0.05,0.00,0.10,0.04,0.10,0.08,0.00,0.00,0.02,0.00,0.07,0.03,0.05,0.03,0.00,0.04,0.00,0.01,0.14,0.00,0.00,0.00,0.00,0.00,0.00,0.00,0.00,0.02,0.03,0.14,0.01,0.00,0.00,0.00,0.00,0.17,0.00,0.14,0.00,0.00,0.08,0.03,0.00,0.00,0.09,0.00,0.00,0.00,0.00,0.03,0.00,0.00,0.02,0.01,0.04,0.00,0.00,0.12,0.05,0.15,0.20,0.00,0.11,0.02,0.00,0.00,0.07,0.05,0.00,0.00,0.12,0.17,0.01,0.00,0.00,0.00,0.00,0.00,0.11,0.00,0.02,0.00,0.00,0.00,0.01,0.07,0.06,0.07,0.03,0.00,0.00,0.00,0.02,0.00,0.02,0.07,0.04,0.00,0.03,0.00,0.07,0.04,0.00,0.00,0.01,0.00,0.00,0.00,0.00,0.13,0.00,0.00,-0.00,0.00,0.00,0.00,0.00,0.17,0.08,0.15,0.00,0.07,0.00,0.00,0.00,0.01,0.01,0.05,-0.00,0.00,0.00,0.00,0.05,0.02,0.00,0.00,0.00,0.00,0.00,0.00,0.00,0.00,-0.00,0.02,0.00,0.00,0.00
0.00,0.12,0.07,0.00,0.00,0.10,0.04,0.08,0.04,0.13,0.00,0.00,0.06,0.04,0.00,0.14,0.00,0.03,0.04,0.00,0.00,0.05,0.00,0.01,0.00,0.00,0.11,0.02,0.03,0.00,0.00,0.06,0.18,0.00,0.00,0.12,0.05,0.02,0.00,0.00,0.00,0.00,0.10,0.00,0.07,0.07,0.07,-0.00,0.00,0.00,0.17,0.00,0.00,0.10,0.00,0.00,0.09,0.16,0.00,0.00,0.00,0.04,0.00,0.00,0.00,0.00,0.00,0.06,0.06,0.00,0.00,0.00,0.00,0.04,0.05,0.00,0.12,0.00,0.05,0.00,0.15,-0.00,0.04,0.14,0.00,0.02,0.07,0.00,0.00,0.00,0.00,0.00,0.00,0.07,0.02,0.00,0.00,0.00,0.00,0.05,0.05,0.04,0.06,0.07,0.04,0.00,0.12,0.00,0.06,0.11,0.00,0.08,0.06,0.24,0.00,0.03,0.00,0.09,0.03,0.00,0.04,0.02,0.12,0.00,0.00,0.04,0.14,0.00,0.10,0.11,0.00,0.00,0.00,0.04,0.08,0.14,0.03,0.16,0.02,0.00,0.02,0.03,0.06,0.04,0.08,0.00,0.05,0.00,0.04,0.00,0.07,0.00,0.00,0.08,0.05,0.00,0.00,0.00,0.01,0.05,0.11,0.04,0.07,0.03,0.00,0.00,0.00,0.02,0.00,0.06,0.00,0.00,0.00,0.00,0.17,0.00,0.01,0.00,0.06,0.00,0.00,0.01,0.00,0.00,0.00,0.06,0.00,0.00,0.01,0.04,0.02,0.07,0.00,0.00,0.01,0.07,0.04,0.08,0.00,0.05
0.05,0.00,0.00,0.00,0.00,0.00,0.04,0.19,0.00,0.01,0.00,0.05,0.03,0.00,0.07,0.00,0.11,0.06,0.17,0.00,0.00,0.00,0.18,0.00,0.00,0.00,0.06,0.00,0.05,0.12,0.00,0.02,0.00,0.00,0.10,0.00,0.11,0.09,0.00,0.00,0.02,0.02,0.00,0.04,0.05,0.02,0.04,0.02,0.07,0.00,0.12,0.04,0.00,0.08,0.01,0.00,0.00,0.00,0.07,0.09,0.00,0.00,0.10,0.15,0.00,0.00,0.00,0.04,0.00,0.07,0.00,0.00,0.05,0.00,0.08,0.00,0.07,0.05,0.05,0.00,0.00,0.00,0.01,0.02,0.00,0.07,0.00,0.09,0.00,0.00,0.03,0.01,0.02,0.00,0.02,0.03,0.11,0.00,-0.00,0.00,0.00,0.00,0.00,0.00,0.00,0.00,0.04,0.00,0.07,0.00,0.00,0.00,0.02,0.01,0.02,0.00,0.03,0.00,0.00,0.00,0.00,0.09,0.01,0.03,0.00,0.01,0.07,0.11,0.00,0.00,0.14,0.00,0.08,0.00,0.04,0.00,0.00,0.00,0.00,0.01,0.09,0.00,0.08,0.00,0.00,0.00,0.08,0.00,0.00,0.07,0.00,0.00,-0.00,0.11,0.05,0.07,0.05,0.03,0.00,0.05,0.02,0.06,0.07,0.00,0.00,0.00,0.00,0.16,0.00,0.00,0.09,0.07,0.06,0.00,0.05,0.20,0.00,0.07,0.00,0.05,0.12,0.00,-0.00,0.17,0.02,0.07,0.00,0.00,0.00,0.00,0.00,0.00,0.00,0.02,0.10,0.00,0.14,0.03,0.00,0.00
0.77,0.68,0.50,0.49,0.00,0.02,0.58,0.15,0.03,0.18,0.06,0.00,0.57,0.08,0.02,0.68,0.00,0.00,0.58,0.00,0.00,0.55,1.22,0.59,0.12,0.53,0.00,0.00,0.62,0.10,0.00,0.02,0.14,0.77,0.64,0.72,1.29,0.00,0.00,0.03,0.62,0.59,0.04,0.06,0.00,1.21,0.17,0.71,0.84,0.60,0.06,0.55,0.64,0.02,0.00,0.57,0.02,0.06,0.58,0.00,0.03,0.71,1.22,0.61,0.00,0.68,0.02,0.43,0.00,0.00,0.00,0.64,0.52,0.39,1.27,0.65,0.71,0.60,0.00,0.00,0.00,1.23,0.16,0.54,0.00,0.00,0.52,0.01,0.06,-0.00,0.00,0.00,0.00,0.03,0.01,0.03,0.00,0.00,0.00,0.74,0.79,0.00,0.65,0.00,0.65,0.00,0.62,0.69,0.09,0.00,0.04,0.61,0.77,0.48,0.00,0.00,0.00,0.07,0.00,0.00,0.61,0.59,0.07,1.28,0.12,0.54,0.00,0.53,0.64,0.06,0.55,0.08,0.63,0.60,-0.00,0.00,0.00,-0.00,0.00,0.00,0.43,0.08,0.10,0.00,0.04,0.13,0.00,0.00,0.76,0.00,0.00,0.00,0.00,0.00,0.02,0.03,0.00,0.87,0.01,0.00,0.58,0.65,1.22,0.01,0.00,0.07,0.04,0.49,0.00,1.26,0.00,0.58,0.00,0.04,0.59,0.03,0.00,0.00,0.00,0.00,0.00,0.03,0.00,0.59,0.02,0.01,0.68,0.00,0.14,0.63,0.00,0.60,0.03,0.02,0.00,0.03,0.03,0.00,0.05,0.01
0.17,0.06,0.07,0.00,0.00,0.12,0.13,0.04,-0.00,0.00,0.00,0.11,0.00,0.04,0.00,0.00,0.00,0.01,0.05,0.01,0.00,0.00,0.00,0.06,0.01,0.00,0.10,0.00,0.00,-0.00,0.01,0.01,-0.00,0.03,0.07,0.02,0.04,0.03,0.00,0.00,0.03,0.02,0.14,-0.00,0.06,0.02,0.01,-0.00,0.07,0.00,0.09,0.01,0.03,0.12,0.00,0.07,0.03,0.04,0.00,0.00,0.00,0.03,0.00,0.02,0.00,0.07,0.00,0.05,0.03,0.06,0.06,0.00,0.00,0.00,0.14,0.03,0.00,0.00,0.00,0.05,0.00,0.06,0.05,0.00,0.02,0.10,0.01,0.03,0.10,0.00,0.00,0.10,0.00,0.00,0.00,0.00,0.11,0.13,0.02,0.05,0.00,0.00,0.00,0.09,0.00,0.10,0.03,0.04,0.03,0.00,0.11,0.00,0.00,0.00,0.13,0.00,0.00,0.00,-0.00,0.00,0.00,0.00,0.00,0.02,0.00,0.00,0.00,0.19,0.06,0.02,0.12,0.08,0.05,-0.00,0.11,0.00,-0.00,0.01,0.02,0.14,0.07,0.06,0.00,0.04,0.00,0.01,0.00,0.02,0.01,0.11,0.05,0.00,0.01,0.05,0.00,0.00,0.01,0.19,0.07,0.05,0.08,0.02,0.03,0.00,0.15,0.00,0.00,0.00,0.00,0.00,0.00,0.00,0.01,0.00,0.00,0.00,0.04,0.00,0.10,0.00,0.00,0.02,0.08,0.04,0.00,0.05,0.00,0.00,0.00,0.00,0.00,0.05,0.06,0.01,0.00,0.06,0.00,0.06,0.05,0.00
0.16,0.00,0.06,0.00,0.08,-0.00,0.00,0.07,0.00,0.00,0.08,0.01,0.00,0.05,0.00,0.16,0.06,0.11,0.00,0.00,0.00,0.14,0.00,0.10,0.00,0.05,0.05,0.00,0.00,0.01,0.05,0.02,0.08,0.06,0.11,0.01,0.00,0.07,0.07,0.00,0.00,0.00,0.00,0.05,-0.00,0.05,0.13,0.05,0.05,0.00,0.14,0.12,0.00,0.05,0.00,0.20,0.05,0.00,0.10,0.07,0.02,0.07,0.02,0.00,0.00,0.01,0.19,0.00,0.00,0.00,0.11,0.00,0.02,0.06,0.02,-0.00,0.04,0.00,0.00,0.00,0.02,0.00,0.00,0.01,0.00,0.00,0.05,0.00,0.02,0.21,0.08,0.00,0.12,0.00,0.07,0.05,0.00,0.02,0.00,0.00,0.03,0.06,0.00,0.13,0.01,0.06,0.00,0.00,0.01,-0.00,0.00,0.05,0.03,0.00,0.07,0.04,0.04,0.12,0.05,0.02,0.00,0.05,0.00,0.12,0.00,0.00,0.00,0.00,0.00,0.00,0.00,0.10,0.00,0.00,0.02,0.01,0.00,0.04,0.00,0.00,0.14,0.00,0.00,0.02,0.04,0.00,0.04,0.01,0.00,0.00,0.02,0.05,0.00,0.00,0.03,0.00,0.07,0.00,0.02,0.04,0.00,0.00,0.03,0.02,0.01,0.00,0.06,0.12,0.08,0.00,0.00,0.00,0.11,0.10,0.00,0.15,0.00,-0.00,0.06,0.01,0.00,0.00,0.12,0.07,0.00,0.00,0.04,0.01,0.01,0.00,0.00,0.00,0.00,0.00,0.04,0.00,0.00,0.02,-0.00,0.00
-0.00,0.15,0.00,0.00,0.00,0.00,0.00,0.03,0.00,0.06,0.00,0.00,0.04,0.09,0.00,0.03,0.01,0.02,0.02,0.00,0.03,0.00,0.06,0.01,0.00,0.03,0.00,0.05,-0.00,0.04,0.00,0.00,0.00,0.00,0.00,0.00,-0.00,0.00,0.00,0.02,0.12,0.00,0.05,0.00,0.01,0.08,0.05,0.00,0.00,0.06,0.01,0.00,0.00,0.00,0.15,0.00,0.10,0.07,0.04,0.07,0.13,0.00,0.10,0.06,0.07,0.00,0.00,0.00,0.00,0.03,0.06,0.07,0.00,0.00,0.00,0.00,0.01,0.22,0.03,0.00,0.04,0.00,0.00,0.03,0.04,0.01,0.00,0.00,0.00,0.10,0.00,0.08,0.11,0.00,0.00,0.00,0.02,0.13,0.08,0.00,0.00,0.00,0.00,0.06,0.00,0.00,0.01,0.00,0.12,0.00,0.10,0.00,0.00,0.02,-0.00,0.01,0.12,0.06,0.00,0.00,0.09,0.00,0.04,0.00,0.00,0.00,0.01,0.00,0.02,0.00,0.06,0.00,0.11,0.00,0.00,0.00,0.00,0.03,0.13,0.01,0.13,0.03,0.04,0.04,0.08,0.00,0.05,0.00,0.04,0.14,0.00,0.00,0.00,0.00,0.00,0.00,0.00,0.00,0.06,0.00,0.11,0.00,0.14,0.00,0.03,0.19,0.07,0.00,0.00,0.05,0.05,0.00,0.00,0.00,0.06,0.00,0.02,0.01,0.09,0.00,0.00,0.00,0.00,0.02,0.12,-0.00,0.00,0.10,0.00,-0.00,0.00,0.00,0.00,0.03,0.05,0.02,0.00,0.12,0.04,0.00
0.06,0.01,0.65,0.44,0.59,0.37,0.45,0.46,0.02,0.00,0.13,0.09,0.00,0.40,0.00,0.58,0.00,0.00,1.03,0.00,0.02,0.43,0.45,0.64,0.00,0.53,0.47,0.00,0.96,0.06,0.11,0.42,0.00,0.01,0.52,0.52,0.51,0.67,-0.00,-0.00,0.52,0.00,0.59,0.58,0.09,1.01,0.01,0.00,0.37,0.62,0.15,0.54,0.49,0.59,0.14,0.62,0.00,0.14,0.00,0.05,-0.00,0.09,0.54,0.44,0.56,0.45,0.01,0.58,0.05,0.00,0.00,0.57,0.61,0.58,0.55,0.10,0.00,0.00,0.04,0.11,0.06,0.51,0.00,0.62,0.00,-0.00,0.00,0.01,0.00,0.04,0.00,0.00,0.01,0.09,0.00,0.53,0.00,0.69,0.60,0.57,0.10,0.00,0.60,0.02,1.04,0.00,0.16,0.05,0.00,0.16,0.00,0.58,0.08,0.09,0.10,0.00,0.11,0.60,0.07,0.04,0.60,0.08,0.00,0.55,-0.00,0.68,0.00,0.57,0.16,0.00,0.04,0.59,0.40,0.55,0.13,0.00,0.04,0.04,0.57,0.06,0.70,0.00,0.00,0.57,0.00,0.02,0.14,0.00,0.01,0.01,0.06,0.09,0.45,0.00,0.00,-0.00,0.00,0.63,0.00,0.07,1.04,0.02,0.55,0.00,0.00,0.11,0.00,0.60,0.00,1.14,0.05,0.65,0.08,0.00,0.38,0.05,0.00,0.19,0.00,0.10,0.04,-0.00,0.15,0.62,0.00,0.12,0.01,0.15,0.00,0.07,0.17,0.64,0.00,0.01,0.01,0.02,0.00,0.09,0.00,0.04
0.00,0.00,0.02,0.00,0.00,0.19,0.03,0.04,0.00,0.00,0.00,0.02,0.01,0.00,0.00,0.07,0.00,0.00,0.00,0.00,0.00,0.06,0.05,0.06,-0.00,0.00,0.00,0.05,0.00,0.10,0.00,0.13,0.00,0.09,0.13,0.00,0.00,0.11,0.11,0.01,0.00,0.00,0.00,0.00,0.00,0.00,0.14,0.00,-0.00,0.06,0.00,0.00,0.00,0.01,0.05,0.00,0.00,0.10,0.00,0.03,0.00,0.00,0.03,0.00,0.14,0.04,0.00,0.00,0.00,0.08,0.00,0.00,0.02,0.00,0.11,0.00,0.00,0.00,0.03,0.10,0.04,0.00,0.13,0.00,0.00,0.00,0.00,0.00,0.00,0.01,0.08,0.00,0.00,0.09,0.00,0.00,0.00,0.00,0.00,0.00,0.00,0.00,0.00,0.10,0.00,0.02,0.07,0.12,0.00,0.00,0.01,0.18,0.00,0.00,0.03,0.01,0.03,0.04,0.08,0.00,0.05,0.00,0.06,0.08,0.08,0.07,0.00,0.00,0.10,0.06,0.10,0.00,0.06,0.00,0.02,0.12,0.00,0.02,0.05,0.06,0.00,0.03,0.03,0.11,0.00,0.00,0.09,0.14,0.00,0.09,0.02,0.00,0.11,0.01,0.00,0.00,0.00,0.00,0.02,0.15,0.00,0.00,0.00,0.02,0.00,0.01,0.01,0.00,-0.00,0.05,0.07,0.00,0.00,0.00,0.00,-0.00,0.00,0.10,0.00,0.00,0.00,0.02,0.00,0.03,0.10,0.03,0.08,0.00,0.02,0.11,0.00,0.09,0.06,0.06,0.07,0.00,0.00,0.00,0.12,0.10
0.59,0.68,0.00,0.00,0.03,0.16,0.00,0.00,0.04,0.00,0.07,0.03,0.74,0.00,0.09,0.00,0.00,0.06,0.03,0.00,0.00,0.07,0.68,0.05,0.16,0.05,0.00,0.10,0.00,0.00,0.00,0.00,0.00,0.83,0.00,0.71,0.68,0.00,0.04,0.00,0.00,0.71,0.01,0.00,0.00,0.68,0.00,0.66,0.79,0.14,-0.00,0.00,0.78,0.00,0.00,0.00,0.00,0.00,0.77,-0.00,0.01,0.74,0.75,0.00,0.01,0.55,0.00,0.05,0.07,0.00,0.00,0.64,0.09,0.11,0.61,0.67,0.60,0.65,0.00,0.00,0.00,0.67,0.07,0.00,0.03,0.05,0.67,0.08,0.09,0.03,0.00,0.00,0.00,0.06,0.00,0.00,0.02,0.00,0.13,0.71,0.73,0.00,0.00,0.09,0.02,0.00,0.70,0.69,0.03,0.14,0.02,0.08,0.62,0.55,0.09,0.05,0.02,0.01,0.00,0.09,0.00,0.69,0.00,0.71,0.00,0.11,0.01,0.00,0.77,0.03,0.70,0.00,0.60,0.08,0.06,0.00,0.09,0.07,0.03,0.06,0.00,0.00,0.03,0.00,0.00,0.19,0.00,0.00,0.66,0.00,0.08,0.00,0.00,0.00,0.10,0.07,0.00,0.79,0.03,0.03,0.00,0.79,0.73,0.16,0.02,0.00,0.00,0.08,0.00,0.70,0.03,0.00,0.00,0.00,0.73,0.04,0.00,0.00,0.00,0.00,0.00,0.01,0.06,0.00,0.00,0.07,0.68,0.00,0.03,0.73,0.00,0.07,0.00,0.00,0.10,0.00,0.01,0.00,0.04,0.03
0.00,0.00,0.00,0.10,-0.00,0.04,0.00,0.00,-0.00,0.00,0.00,0.00,0.00,0.00,0.00,0.05,0.02,0.04,0.12,0.00,0.03,0.06,0.00,0.00,0.00,0.07,0.04,0.00,0.00,0.01,0.08,-0.00,0.03,0.00,0.02,0.04,0.00,0.00,0.00,0.07,0.00,0.00,0.05,0.04,0.06,0.05,0.06,0.05,0.00,0.02,0.10,0.01,0.00,0.03,0.00,0.03,0.15,0.00,0.07,0.01,0.04,0.00,0.15,0.00,0.08,0.00,0.00,0.08,0.01,0.00,0.00,0.04,0.00,0.00,0.00,0.00,0.00,0.07,0.02,0.00,0.00,0.00,0.01,0.08,0.05,0.01,0.14,0.07,0.00,0.11,0.00,0.00,0.13,0.01,0.00,0.06,0.05,-0.00,0.00,0.00,0.00,-0.00,0.03,0.03,0.00,0.03,0.06,0.04,0.00,0.06,0.05,0.02,0.00,0.07,0.01,-0.00,0.00,0.00,0.16,0.00,0.00,0.01,0.03,0.00,0.00,0.00,0.00,0.00,0.00,0.04,0.00,0.10,0.00,0.00,0.05,0.00,0.01,-0.00,0.00,0.00,0.00,0.00,0.00,0.04,0.09,0.07,0.00,0.04,0.06,0.00,0.11,0.08,0.00,0.01,0.00,0.00,0.03,0.07,0.00,0.00,0.17,0.00,0.00,0.00,0.05,0.01,0.05,0.12,0.00,0.00,0.03,0.12,0.00,0.00,0.00,0.05,-0.00,0.02,0.00,0.06,0.00,0.00,0.00,0.03,0.00,0.02,0.00,0.05,0.02,0.12,0.00,0.00,0.00,0.00,0.00,0.00,0.24,0.00,0.07,0.00
0.03,-0.00,0.00,0.00,0.00,0.00,0.04,0.00,0.19,0.06,0.00,0.00,0.00,0.13,0.00,0.03,0.14,0.00,0.02,0.03,0.03,0.00,0.04,0.08,0.00,0.08,0.01,0.13,0.04,0.00,0.00,0.09,0.01,0.00,0.00,0.05,0.00,0.00,0.00,0.00,0.07,0.00,0.00,0.01,0.00,0.01,0.00,0.05,0.08,0.00,0.00,0.03,0.08,0.02,0.00,0.00,0.00,0.01,0.06,0.12,0.00,0.04,0.00,0.03,0.00,0.00,0.00,0.12,0.05,0.11,0.00,0.01,0.13,0.00,0.04,0.03,-0.00,0.00,0.12,0.00,0.00,0.00,0.04,0.00,0.01,0.00,0.03,0.00,0.15,0.06,0.11,0.00,0.00,0.02,0.00,0.00,0.05,0.00,0.00,0.00,0.00,0.10,0.11,0.00,0.04,0.00,0.18,0.00,0.00,0.14,0.00,0.00,0.02,0.00,0.02,0.00,0.05,0.01,0.00,0.00,0.03,0.00,0.00,0.00,0.00,0.09,-0.00,0.00,0.12,0.00,0.00,0.06,0.00,0.00,0.00,0.06,0.00,0.00,0.09,0.00,0.07,0.08,0.06,0.09,0.00,0.00,0.08,0.01,0.00,0.08,0.00,0.00,0.07,0.00,0.00,0.00,0.03,0.13,0.00,0.02,0.18,0.06,0.02,0.00,0.12,0.00,0.00,0.00,0.00,0.07,0.00,0.00,0.00,0.08,0.01,0.00,0.05,0.00,0.07,0.02,0.00,0.03,0.12,0.04,0.00,0.03,0.05,0.00,0.08,0.08,0.02,0.07,0.08,0.11,0.05,0.00,0.00,0.01,0.04,0.20
0.00,0.08,0.08,0.07,0.45,0.45,0.00,0.40,0.07,0.00,0.02,0.02,0.00,0.53,0.00,0.00,0.13,0.03,0.61,0.01,0.02,0.00,0.02,0.00,0.04,0.02,0.64,0.05,0.37,0.00,0.00,0.57,0.04,-0.00,0.13,0.52,0.00,0.56,0.00,0.00,0.07,0.09,0.47,0.53,0.04,0.46,0.05,0.03,0.47,0.00,0.04,0.17,0.45,0.63,0.02,0.04,0.01,0.12,0.10,0.00,0.00,0.00,0.00,0.00,0.61,0.41,0.06,0.07,0.08,0.06,0.00,0.47,0.00,0.00,0.00,0.06,0.09,-0.00,0.01,-0.00,0.08,0.03,0.00,0.14,0.13,0.02,0.20,0.00,0.03,0.01,0.00,0.00,0.00,0.00,0.03,0.58,0.00,0.57,0.48,0.54,0.05,0.00,0.07,0.16,0.51,0.02,0.00,0.00,0.00,0.00,0.00,0.00,0.00,0.00,0.04,0.10,0.00,0.52,0.06,0.00,0.00,0.00,0.00,0.06,0.02,0.03,0.00,0.00,0.00,0.00,0.00,0.58,0.45,0.00,0.06,0.03,0.00,0.00,0.51,0.00,0.00,0.00,0.00,0.38,0.00,0.09,0.00,0.05,0.04,0.00,0.05,0.07,0.43,0.00,0.00,0.00,0.15,0.45,0.00,0.09,0.52,0.01,0.03,0.00,0.03,0.01,0.00,0.09,0.04,0.49,0.00,0.00,0.03,0.00,0.51,0.00,0.00,-0.00,0.00,0.05,0.06,0.00,0.00,0.00,0.02,0.00,0.02,0.00,0.01,0.08,0.01,0.00,-0.00,0.00,0.04,0.00,0.04,0.00,0.00,0.07
0.00,0.00,0.00,0.00,0.00,0.06,0.05,0.09,0.00,-0.00,0.00,0.00,0.00,0.10,0.00,0.00,0.00,0.07,0.01,0.00,0.00,0.07,0.07,0.00,0.06,0.04,-0.00,0.00,0.08,0.02,0.01,0.00,0.06,0.00,0.10,0.02,0.00,0.00,0.11,0.05,0.04,0.00,0.05,0.00,0.06,0.05,0.08,0.00,0.06,0.00,0.00,0.08,0.10,0.00,0.00,0.06,0.06,0.00,0.00,0.04,0.10,0.08,0.01,0.08,0.01,0.09,0.01,0.00,0.00,0.00,0.00,0.00,0.00,0.02,0.00,0.00,0.07,0.00,0.00,0.06,0.00,0.02,0.00,0.04,0.00,0.01,0.02,0.03,0.00,0.00,0.00,0.00,0.14,0.00,0.00,0.02,0.00,0.04,0.04,0.13,0.03,0.03,0.07,0.01,0.09,0.00,0.00,0.11,0.00,0.00,0.00,0.00,0.00,0.00,0.08,0.01,0.00,0.00,0.04,0.06,0.04,0.11,0.00,0.00,0.00,0.03,0.00,0.00,0.00,0.11,0.00,0.00,0.15,0.08,0.00,0.09,0.01,0.00,0.00,0.00,0.00,0.00,0.00,0.00,0.04,0.07,0.08,0.06,0.12,0.03,0.00,0.11,0.00,0.00,0.00,0.02,0.00,0.00,-0.00,0.17,0.00,0.02,0.02,0.06,0.07,0.00,0.02,0.00,0.00,0.04,0.05,0.02,0.00,0.09,0.04,0.00,0.00,0.06,0.02,0.00,0.00,0.00,0.07,0.17,0.09,0.00,0.00,0.02,0.04,0.05,0.01,0.10,0.00,0.03,0.00,0.00,0.00,0.00,0.00,0.00
0.00,0.03,0.00,0.00,0.12,0.00,0.00,0.00,0.00,0.00,0.02,0.05,0.16,0.04,0.00,0.00,0.00,0.00,0.02,0.14,0.00,0.00,0.06,0.00,0.00,0.00,0.15,-0.00,0.07,0.00,0.18,0.13,0.12,0.00,0.00,0.00,0.00,0.01,0.00,0.00,0.11,0.06,0.02,0.00,0.09,0.03,0.02,0.00,0.00,0.15,0.00,0.03,0.02,0.00,0.05,0.00,0.02,0.04,0.00,0.00,0.02,0.10,0.05,0.00,0.00,0.00,0.00,0.20,0.03,0.00,0.02,0.09,0.00,0.00,0.00,0.00,0.13,0.08,0.02,0.05,0.00,0.00,0.04,0.00,0.17,0.00,0.08,0.00,0.00,0.00,0.07,0.00,0.15,0.00,0.00,0.06,0.00,0.07,0.01,0.02,0.04,0.00,0.00,0.10,0.01,0.00,0.00,0.00,0.00,0.01,0.00,0.07,0.00,0.00,0.00,0.00,0.02,0.00,0.00,0.00,0.00,0.00,0.03,0.00,0.05,-0.00,0.08,0.00,0.00,0.04,0.00,0.00,0.00,0.00,0.05,0.00,0.00,0.00,0.03,0.09,0.00,0.08,0.00,0.00,0.00,0.02,0.03,0.11,0.10,0.04,0.08,0.00,0.01,0.00,0.08,0.00,0.00,0.07,0.00,0.00,0.00,-0.00,0.00,0.19,0.00,0.00,0.00,0.00,0.04,0.05,0.00,0.03,0.01,0.00,0.06,0.04,0.00,0.01,0.07,0.08,0.07,0.02,0.00,0.00,0.03,0.00,0.02,0.00,0.06,0.03,0.03,0.00,0.11,0.00,0.04,0.00,0.03,0.00,0.00,0.00
0.00,0.00,0.01,0.00,0.00,0.06,0.02,0.04,0.00,0.09,0.00,0.00,0.00,0.00,0.00,0.02,0.05,0.23,0.02,0.08,0.09,0.06,-0.00,0.00,0.10,0.00,0.00,0.00,0.04,0.00,0.00,0.00,0.04,0.03,0.00,0.00,0.00,0.00,0.08,0.10,0.09,0.00,0.00,0.00,0.00,0.11,0.08,0.07,0.00,0.00,0.00,0.02,0.00,0.11,0.05,0.08,0.00,0.05,0.05,0.03,0.16,0.00,0.00,0.00,0.00,0.17,0.01,0.00,0.00,0.07,0.10,0.05,0.00,0.10,0.00,0.04,0.20,0.05,0.00,0.00,0.07,0.01,0.00,-0.00,0.00,0.04,0.11,0.23,0.10,0.04,0.00,0.11,0.15,0.02,0.01,0.02,0.00,0.00,0.00,0.07,0.00,0.02,0.00,0.00,0.00,0.00,0.00,0.00,0.00,0.03,0.00,0.03,0.00,0.00,0.00,0.00,0.00,0.00,0.08,0.06,0.00,0.06,0.00,0.00,0.00,0.08,0.00,0.00,0.04,0.21,0.00,0.06,0.12,0.00,0.00,0.00,0.04,0.07,0.04,0.03,0.03,0.02,0.03,-0.00,0.08,0.06,0.03,0.00,0.01,0.12,0.00,0.00,0.00,0.04,0.01,0.00,0.00,0.00,0.14,0.00,0.00,0.06,0.00,0.12,0.10,0.01,0.08,0.00,0.00,0.04,0.00,0.00,0.15,0.02,0.00,0.04,0.16,0.10,0.00,-0.00,0.02,0.00,0.00,0.00,0.05,0.02,0.00,0.04,0.00,0.00,0.00,0.05,0.00,0.00,0.00,0.00,0.06,0.01,0.00,0.00
0.02,0.03,0.00,0.04,0.00,0.00,0.03,0.14,0.00,0.03,0.00,0.09,0.00,0.06,0.00,0.00,0.01,0.02,0.00,0.00,0.02,0.09,0.08,0.00,0.00,0.05,0.00,0.00,0.04,0.09,0.00,0.00,0.00,0.00,0.00,0.00,0.00,0.00,0.00,0.00,0.02,0.00,0.11,0.00,0.00,0.09,0.00,0.03,0.09,0.06,0.00,0.00,0.12,0.00,0.00,0.00,0.01,0.00,0.00,0.10,0.00,0.08,0.15,0.01,0.00,0.08,0.00,0.00,0.00,0.00,0.03,0.00,0.00,0.15,0.00,0.00,0.01,0.00,0.00,0.00,0.00,0.00,0.00,0.00,0.00,0.00,0.00,0.00,0.00,0.19,0.03,0.00,0.00,0.07,0.00,0.00,0.01,0.00,0.09,0.00,0.06,0.04,0.09,0.00,0.09,0.19,0.00,0.00,0.00,0.00,0.06,0.08,0.06,0.00,-0.00,0.11,0.00,0.07,0.00,0.00,0.08,0.01,0.09,0.00,0.01,0.00,0.07,0.01,0.21,0.00,0.00,0.12,0.06,0.13,0.06,0.01,0.00,0.07,0.04,0.01,0.11,0.00,0.11,0.02,0.00,0.04,0.00,0.06,0.06,0.00,0.06,-0.00,0.00,0.13,0.05,0.00,0.00,0.00,0.05,0.02,0.05,0.01,0.00,0.00,0.00,0.08,0.00,0.04,0.00,0.08,0.01,0.08,0.02,0.05,0.00,0.00,0.00,0.00,0.00,0.00,0.02,0.02,0.11,0.00,0.00,0.00,0.15,0.00,0.00,0.09,0.00,0.00,0.01,0.09,0.09,0.03,0.12,0.04,0.07,0.00
0.00,0.04,0.55,0.54,0.00,0.14,0.59,0.01,0.10,0.01,0.06,0.02,0.00,0.02,0.00,0.66,0.00,0.00,0.54,0.03,0.08,0.44,0.54,0.57,0.07,0.63,0.02,0.10,0.53,0.02,0.03,0.00,0.00,0.00,0.58,0.01,0.68,0.04,0.01,0.00,0.58,0.00,0.00,0.00,0.01,0.56,0.01,0.07,0.00,0.72,0.00,0.71,0.00,0.01,0.06,0.67,0.04,0.00,0.06,0.00,0.00,0.07,0.58,0.41,0.09,0.07,-0.00,0.61,0.00,0.00,0.07,0.00,0.51,0.48,0.60,-0.00,0.00,0.05,0.00,0.03,0.06,0.61,0.03,0.64,0.15,0.00,0.06,0.00,0.07,0.00,0.00,0.00,0.00,0.00,0.00,0.10,0.00,0.07,0.13,0.00,0.02,0.00,0.70,0.04,0.58,0.00,0.05,0.00,0.00,0.00,0.00,0.57,0.00,0.08,0.00,0.03,0.00,0.00,0.00,0.00,0.52,0.00,0.03,0.68,0.00,0.52,0.10,0.56,0.00,0.06,0.00,0.08,0.00,0.72,0.01,0.01,0.00,0.05,0.00,0.03,0.60,0.05,0.00,0.06,0.00,0.09,0.00,0.00,0.07,0.14,0.00,0.00,0.00,0.00,0.00,0.00,0.00,0.00,0.00,0.08,0.61,0.06,0.54,0.00,0.00,0.04,0.12,0.42,0.11,0.56,0.09,0.65,0.00,0.06,0.09,0.00,0.15,0.00,0.00,0.00,0.00,0.03,0.09,0.61,0.00,0.00,0.00,0.09,0.00,0.00,0.01,0.72,0.10,0.18,0.05,0.09,0.00,0.00,0.05,0.00
0.00,0.03,0.06,0.00,0.10,0.00,0.00,0.02,0.01,0.00,0.00,0.07,0.03,0.00,0.00,0.04,0.00,0.03,0.10,0.00,0.23,0.02,0.02,0.00,0.00,0.09,0.00,0.00,0.00,0.00,0.03,0.05,0.00,0.00,0.13,-0.00,0.00,0.00,0.06,0.07,0.03,0.00,0.09,0.00,0.00,0.12,0.02,0.21,0.13,0.10,0.11,0.00,0.19,0.01,0.16,0.01,0.03,0.00,0.00,0.04,0.05,0.00,0.00,0.01,-0.00,0.00,0.09,0.07,0.00,0.00,0.00,0.00,0.00,0.09,0.04,0.11,0.00,0.04,0.01,0.00,0.01,0.06,0.00,0.03,0.08,0.00,0.03,0.02,0.00,0.02,0.00,0.11,0.00,0.00,0.00,0.00,0.02,0.02,0.02,0.04,0.07,0.08,0.17,0.00,0.05,0.00,0.03,0.00,0.00,0.00,0.00,0.00,0.00,0.00,0.03,0.05,0.00,0.05,0.10,0.00,0.00,0.04,0.00,0.00,0.00,0.16,0.01,0.00,0.09,0.00,0.01,0.06,0.00,0.00,0.00,0.07,0.00,0.00,0.00,0.00,0.08,0.04,0.02,0.05,0.00,0.00,0.00,-0.00,0.00,0.00,0.00,0.00,0.00,0.00,0.06,0.02,0.08,0.05,0.07,-0.00,0.06,0.03,0.09,0.17,0.04,0.00,0.17,0.14,0.00,0.00,0.01,0.06,0.10,0.00,0.00,0.10,0.00,0.05,0.07,0.00,0.07,0.00,0.00,0.04,0.00,0.00,0.01,0.15,0.00,0.13,0.00,0.07,0.00,0.00,0.00,0.05,0.04,0.02,0.07,0.00
0.00,0.00,-0.00,0.01,0.51,0.43,0.00,0.42,0.00,0.09,0.09,0.00,0.09,0.52,0.07,0.00,0.00,0.04,0.64,0.06,0.00,0.00,0.00,0.09,0.05,0.00,0.48,0.02,0.62,0.04,0.00,0.43,0.02,0.00,0.02,0.36,0.03,0.38,0.03,0.03,0.00,0.00,0.40,0.40,0.00,0.46,0.00,0.00,0.51,0.04,0.00,0.00,0.54,0.51,0.06,0.00,0.06,0.04,0.02,0.02,0.00,0.00,0.00,0.00,0.55,0.65,0.13,0.06,0.00,0.01,0.00,0.54,0.06,0.00,0.07,0.00,0.04,0.00,0.00,0.00,0.00,0.09,0.00,0.00,0.03,0.04,0.00,0.00,0.02,0.00,0.06,0.08,0.00,0.00,0.01,0.51,0.00,0.42,0.54,0.42,0.08,0.05,0.00,0.05,0.48,0.00,0.07,0.00,0.04,0.00,0.00,0.00,0.00,0.13,0.00,0.04,0.06,0.52,0.07,0.10,0.00,0.00,0.00,0.08,0.03,0.00,0.07,0.12,0.00,0.20,0.00,0.49,0.59,0.11,0.01,0.00,0.02,0.00,0.51,0.00,0.04,0.09,0.00,0.47,0.00,0.00,0.00,0.00,0.00,0.00,0.00,-0.00,0.40,0.07,0.00,0.05,0.00,0.53,0.08,0.00,0.59,0.05,0.06,0.13,0.15,0.15,0.00,0.00,0.02,0.47,0.00,0.00,0.00,0.01,0.60,0.03,0.00,0.00,0.00,0.02,0.00,0.00,0.09,0.00,0.00,0.08,0.00,0.05,0.00,0.05,0.01,0.08,0.06,0.02,0.00,0.11,0.01,0.02,0.08,0.08
0.00,0.09,0.00,0.00,0.06,0.07,-0.00,0.00,0.00,0.00,0.00,0.00,0.00,0.09,0.11,0.08,0.19,0.00,0.03,0.00,0.13,0.05,0.11,0.00,0.00,0.01,0.04,0.00,-0.00,0.03,0.00,0.08,0.01,0.00,0.00,0.01,0.00,0.00,-0.00,0.00,0.00,0.02,0.03,0.00,0.04,0.00,0.03,0.00,0.00,0.00,0.02,0.00,0.07,0.09,0.00,0.04,0.09,0.04,0.06,0.00,0.00,0.00,0.00,0.02,0.00,0.00,0.16,0.10,0.02,0.04,0.02,0.05,0.00,0.04,0.00,0.05,0.04,0.03,0.02,0.00,0.00,0.06,0.00,-0.00,0.08,0.01,0.07,0.14,0.00,0.00,0.00,0.01,0.04,0.04,0.07,0.07,0.17,0.04,0.12,0.00,0.00,0.14,0.00,-0.00,0.15,0.02,0.00,0.08,0.03,0.00,0.09,0.02,0.00,0.04,-0.00,0.00,0.03,0.00,0.06,0.02,0.10,0.00,0.06,0.07,0.09,0.08,0.02,0.00,0.00,0.00,0.07,0.08,0.00,0.00,0.00,0.01,0.04,0.00,0.00,0.04,0.02,0.00,0.03,0.00,0.00,0.00,0.07,0.10,0.10,0.03,0.07,0.06,0.00,0.01,0.12,0.00,0.17,0.00,0.03,0.00,0.00,0.00,-0.00,0.00,0.00,0.00,0.05,0.03,0.00,0.00,0.05,0.03,0.00,-0.00,0.03,0.00,0.00,0.00,0.00,0.00,0.21,0.08,0.00,0.04,0.18,0.00,0.03,0.04,0.00,0.00,0.00,0.05,0.00,0.09,0.00,0.00,0.02,0.00,0.07,0.00
0.00,0.05,0.01,0.00,0.00,0.00,-0.00,0.09,0.09,0.01,0.02,-0.00,0.00,0.17,0.00,0.06,0.00,0.00,0.04,0.00,0.00,0.09,0.01,0.00,0.04,0.05,0.00,0.19,0.01,0.00,0.00,0.07,0.00,0.13,0.13,0.19,0.00,0.00,0.03,0.00,0.04,0.07,0.00,0.00,0.06,0.00,0.11,0.02,0.00,0.15,0.00,-0.00,0.00,0.01,0.00,0.07,0.05,0.00,0.01,0.00,0.00,0.01,0.08,0.00,0.00,0.01,0.00,0.00,0.00,0.01,0.02,0.00,0.12,0.09,0.00,0.06,0.05,0.00,0.00,0.00,0.00,0.09,0.00,0.03,0.08,0.07,0.00,0.09,0.00,0.05,0.00,0.00,0.00,0.00,0.00,0.00,0.02,0.00,0.00,0.08,0.00,0.04,0.00,0.01,0.00,0.00,0.06,0.01,0.01,0.02,0.00,0.00,0.04,0.04,0.10,0.10,0.00,0.00,0.00,0.00,0.00,0.00,0.00,0.00,0.05,-0.00,0.00,0.10,0.06,0.00,0.01,0.00,0.03,0.04,0.00,0.00,0.07,0.03,0.00,0.01,0.00,0.00,0.08,0.03,0.00,0.07,0.00,0.00,0.08,0.09,0.07,0.00,0.03,0.00,0.00,0.07,0.00,0.00,0.08,0.00,0.03,0.00,0.00,0.00,0.00,0.00,0.00,0.16,0.00,0.00,0.07,0.00,0.00,0.24,0.13,0.05,0.06,0.00,0.00,0.00,0.10,0.00,0.00,0.15,0.18,0.00,0.00,0.00,0.00,0.00,0.03,0.09,0.04,0.14,0.00,0.08,0.00,0.00,0.00,0.05
0.00,0.00,0.00,0.00,-0.00,0.02,0.00,0.00,0.01,0.04,0.10,0.00,0.00,0.00,0.01,0.00,0.03,0.00,0.00,0.07,-0.00,0.00,0.03,0.00,0.00,0.09,0.02,0.05,0.07,0.00,0.00,0.09,0.00,0.11,-0.00,0.13,0.00,0.00,0.00,0.08,0.00,0.12,0.08,0.00,0.04,0.00,0.00,0.07,0.01,0.00,0.08,0.09,0.05,0.04,0.00,0.00,0.07,0.00,0.07,0.00,0.03,0.00,0.00,0.00,0.03,0.02,0.00,0.00,0.08,0.00,0.00,0.09,0.04,0.00,0.06,0.09,0.05,0.05,0.04,0.01,0.00,0.02,0.00,0.00,0.00,0.13,0.00,0.00,0.06,0.00,0.05,0.00,0.00,0.02,0.00,0.13,0.01,0.02,0.00,0.00,0.00,0.05,0.03,0.00,0.00,0.03,0.05,0.00,0.00,0.08,0.00,0.00,0.00,0.01,0.04,0.00,0.03,0.00,0.00,0.00,0.00,0.09,0.10,0.16,0.00,0.00,0.04,0.12,0.00,0.12,0.16,0.00,0.05,-0.00,0.03,0.06,0.00,0.00,0.05,0.00,0.02,0.08,0.04,0.00,0.00,0.00,0.02,0.12,0.13,0.00,0.00,0.00,0.11,0.18,0.00,0.00,0.00,0.00,0.01,0.00,0.01,0.00,0.00,0.03,0.10,0.00,0.17,0.05,0.00,0.19,0.00,0.00,0.00,0.00,0.00,0.00,0.00,0.03,0.04,0.00,0.02,0.00,0.15,-0.00,0.00,0.00,0.07,0.00,0.09,0.04,0.00,0.00,0.04,0.00,0.00,0.00,0.00,0.00,0.00,0.00
0.71,0.70,0.00,0.06,0.10,0.01,0.00,0.00,0.00,0.00,0.00,0.03,0.74,0.00,0.01,0.00,0.08,0.03,0.09,0.02,0.05,0.05,0.77,0.00,0.00,0.00,0.00,0.09,0.10,0.03,0.04,0.19,0.00,0.60,0.01,0.66,0.59,0.02,0.00,0.00,0.09,0.55,0.00,0.00,0.02,0.75,0.15,0.78,0.83,0.00,0.11,0.00,0.81,0.00,0.05,0.10,0.00,0.00,0.63,0.00,0.02,0.76,0.66,0.00,0.00,0.74,0.04,0.05,0.04,0.06,0.00,0.70,0.02,0.00,0.73,0.53,0.83,0.66,0.05,0.06,0.07,0.61,0.02,0.04,0.00,0.01,0.74,0.00,0.10,0.16,0.00,0.00,0.06,0.00,0.00,0.00,0.00,0.05,0.00,0.65,0.76,0.03,0.00,0.00,0.00,0.00,0.65,0.74,0.00,0.10,0.14,0.11,0.53,0.65,-0.00,0.00,0.01,0.06,0.00,0.00,0.00,0.63,0.00,0.63,0.00,0.00,0.03,0.12,0.62,0.00,0.79,0.00,0.64,0.08,0.03,0.16,0.01,0.00,0.00,0.00,0.05,0.00,0.10,0.00,0.00,0.01,0.11,0.04,0.66,0.02,0.00,0.00,0.01,0.00,0.08,-0.00,0.00,0.78,0.00,0.00,0.12,0.86,0.66,0.02,-0.00,0.07,0.00,0.11,0.00,0.77,0.04,0.00,0.10,0.00,0.70,0.00,0.00,0.08,0.00,0.00,0.00,0.04,0.00,0.00,0.06,0.00,0.64,0.00,0.11,0.76,0.00,0.02,0.00,0.00,0.02,0.00,0.00,0.00,0.10,0.03
0.00,-0.00,0.02,0.05,0.08,0.00,0.00,0.00,0.00,0.12,0.00,0.00,0.00,0.00,0.08,0.00,0.09,0.00,0.00,0.03,0.05,0.07,0.00,0.00,0.15,0.00,0.00,0.00,0.00,0.11,0.05,0.00,0.14,0.01,0.06,0.00,0.00,0.10,0.00,0.05,0.00,0.05,0.14,0.12,0.06,0.00,0.00,0.03,0.00,0.00,0.05,0.07,0.00,-0.00,0.08,0.00,0.00,0.05,0.05,0.00,0.14,0.00,0.08,0.00,0.00,0.07,0.00,0.03,0.00,0.13,0.08,0.00,0.00,0.00,0.00,0.02,0.00,0.00,0.00,0.17,0.00,0.10,0.07,0.00,0.00,0.00,0.08,0.03,0.12,0.00,0.17,0.02,0.07,0.17,0.00,0.08,0.00,0.04,0.00,0.03,0.00,0.02,0.09,0.00,0.00,0.00,0.00,0.00,0.04,0.04,0.00,0.04,0.07,0.09,0.06,0.05,0.00,-0.00,0.06,0.02,0.10,0.04,0.02,-0.00,0.00,0.04,0.02,0.00,0.00,0.09,0.00,0.01,0.05,0.00,0.04,0.00,0.06,0.09,0.01,0.05,0.00,0.00,0.00,-0.00,0.00,0.11,0.10,0.00,0.03,0.06,0.00,0.12,0.01,0.00,0.01,0.12,0.00,0.03,-0.00,0.10,0.00,0.16,0.03,0.00,0.12,0.03,0.00,0.11,-0.00,0.00,0.14,0.00,0.11,0.00,0.01,0.02,0.03,0.16,0.06,0.00,0.04,0.00,0.00,0.00,0.00,0.06,0.00,0.00,0.05,0.00,0.00,0.00,0.05,0.00,0.04,0.00,0.00,0.06,0.07,0.05
0.05,0.00,0.04,0.00,0.00,0.00,0.02,0.00,0.00,0.00,0.14,0.00,0.00,0.00,0.05,0.00,0.02,0.02,0.02,0.02,0.00,0.14,0.00,0.15,0.05,0.00,0.00,0.00,0.04,0.04,0.05,0.05,0.01,0.08,0.00,0.00,0.00,0.09,0.00,0.04,0.10,0.05,0.10,0.09,0.01,0.06,0.00,0.07,0.03,0.00,0.04,0.00,0.00,0.02,0.00,0.09,0.09,0.05,0.08,0.17,0.11,0.00,0.00,0.00,0.00,0.00,0.03,0.08,0.00,0.10,0.04,0.03,0.01,0.05,0.04,0.05,0.06,0.09,0.00,0.00,0.00,0.00,0.04,0.00,0.07,0.02,0.00,0.01,0.00,0.03,0.09,0.00,0.00,0.00,0.00,0.05,0.02,0.00,0.01,0.00,0.01,0.07,0.19,0.01,0.04,0.02,0.09,0.00,0.00,0.02,0.07,0.01,0.00,0.04,0.00,0.09,0.00,0.00,0.00,0.00,0.05,0.00,0.05,0.00,0.03,0.00,0.01,0.00,0.05,0.09,0.04,0.00,0.00,0.03,0.04,0.00,0.13,0.03,0.00,0.08,0.00,0.03,0.02,0.00,0.14,-0.00,-0.00,0.05,0.07,0.00,0.00,0.05,0.00,0.00,0.01,0.00,0.07,0.00,0.00,0.16,0.00,0.00,-0.00,0.00,0.00,0.00,0.00,0.06,0.00,-0.00,0.04,0.00,0.00,0.02,0.00,0.02,0.04,0.00,0.00,0.04,0.11,0.16,0.11,0.00,0.11,0.07,0.00,0.00,0.13,0.00,0.00,0.07,0.20,0.00,0.00,0.07,0.00,0.00,0.00,0.01
0.09,0.00,0.00,0.08,0.08,0.00,0.00,0.10,0.00,0.16,0.09,0.00,0.00,0.00,-0.00,0.12,0.00,0.05,0.09,0.00,0.07,0.00,0.07,0.01,0.00,0.07,0.05,0.00,0.00,0.00,0.10,0.00,0.01,0.03,0.00,0.00,0.00,0.00,0.00,0.13,0.09,0.08,0.17,0.18,0.02,0.03,0.08,0.00,0.00,0.00,0.05,0.07,0.00,0.00,0.03,0.03,0.13,0.00,0.01,0.03,0.13,0.10,0.00,0.03,0.00,0.02,0.02,0.14,0.00,0.00,0.06,0.00,0.00,0.00,0.00,0.02,0.00,0.19,0.03,0.03,0.05,0.08,0.00,0.03,0.02,0.00,0.00,0.00,-0.00,-0.00,0.00,-0.00,0.12,0.00,0.00,0.00,0.14,0.00,0.08,0.02,0.13,0.00,0.12,0.00,0.05,0.06,0.04,0.00,0.00,0.00,0.03,0.00,0.05,0.00,0.06,0.00,0.05,0.00,0.00,0.01,0.06,0.05,0.10,0.00,0.09,0.07,0.08,0.00,0.00,0.08,0.00,0.11,0.00,0.03,0.00,0.02,0.03,0.00,0.04,0.05,0.00,0.01,0.04,0.07,0.03,0.13,0.05,0.00,0.00,0.03,0.05,0.08,0.16,0.00,0.00,0.00,0.05,0.00,0.11,0.04,0.07,0.17,0.04,0.00,0.00,0.02,0.02,0.00,0.00,0.00,0.00,0.00,0.00,0.08,0.10,0.00,0.00,0.08,0.00,0.06,0.00,0.00,0.17,0.09,0.00,0.00,0.09,0.00,0.00,0.04,0.00,0.00,0.00,0.00,0.19,-0.00,0.00,0.12,0.10,0.03
0.00,0.04,0.00,0.00,0.00,0.07,-0.00,0.00,0.02,-0.00,0.00,0.01,0.01,0.00,0.08,0.00,0.09,0.00,0.00,0.00,0.13,0.03,0.06,0.00,0.08,0.06,0.06,0.00,0.00,0.00,0.15,0.00,0.10,-0.00,0.01,0.05,0.12,0.00,0.00,0.10,0.05,0.06,0.02,0.04,0.00,0.13,0.00,0.19,0.00,0.00,0.09,0.01,0.00,0.00,0.00,0.00,0.00,0.11,0.00,0.04,0.00,0.00,0.12,0.00,0.00,0.06,0.02,0.00,0.00,0.10,0.05,0.02,0.11,0.03,0.00,0.00,0.03,0.00,0.00,0.12,0.00,0.00,0.10,0.00,0.00,0.00,0.02,0.00,0.06,0.00,0.00,0.01,-0.00,0.00,0.00,0.00,0.00,0.00,0.17,0.00,0.03,0.17,0.00,0.06,0.00,0.02,-0.00,0.08,0.00,0.04,0.14,-0.00,0.15,0.10,0.06,0.00,0.02,0.00,0.00,0.10,0.04,0.00,0.00,0.09,0.11,0.00,0.00,0.08,0.00,0.00,0.01,0.00,0.00,0.12,0.05,0.00,0.00,0.00,0.11,0.00,0.00,0.00,-0.00,0.07,0.00,0.00,0.01,0.05,0.00,0.00,0.00,0.00,0.09,0.07,0.10,0.00,0.00,0.15,0.03,0.01,0.00,0.00,0.02,0.03,0.01,0.00,0.00,0.10,-0.00,0.08,0.08,0.00,0.12,0.00,0.00,0.09,0.03,0.09,0.09,0.00,0.00,0.09,0.00,0.08,0.00,0.07,0.03,0.00,0.01,0.00,0.04,0.15,0.09,0.00,0.03,0.04,0.00,0.00,0.08,0.00
0.00,0.00,0.05,0.04,0.04,0.00,0.02,0.00,0.09,0.05,0.00,0.09,0.00,0.00,0.03,0.00,0.00,0.00,0.06,0.08,0.00,0.00,0.00,0.09,0.00,0.05,0.09,0.00,0.07,0.04,0.01,-0.00,0.00,0.04,0.00,0.00,-0.00,0.00,0.01,0.01,0.13,0.00,0.00,0.03,0.00,0.23,0.00,0.06,0.11,0.00,0.00,0.07,0.04,0.07,0.11,0.04,0.00,0.00,0.00,0.00,0.05,0.00,0.03,0.00,0.00,0.01,0.00,0.00,0.05,0.00,0.00,0.02,0.00,0.00,0.00,0.00,0.00,0.10,0.00,0.05,0.00,0.00,0.14,0.11,0.00,0.00,0.00,0.10,0.02,0.00,0.05,0.07,0.09,-0.00,0.07,0.05,0.05,0.02,0.00,0.00,0.06,0.04,0.00,0.09,0.01,0.05,0.03,0.03,0.03,0.03,0.04,0.00,0.00,0.00,0.00,0.00,0.00,0.00,0.00,0.00,0.00,0.00,0.00,0.00,0.00,0.00,0.13,0.00,0.00,0.00,0.00,0.04,0.02,0.00,0.00,0.00,0.00,0.00,0.00,0.05,0.09,0.08,0.00,0.00,0.08,0.09,0.09,0.00,0.00,0.03,0.00,0.05,0.05,0.00,0.00,0.09,0.09,0.05,0.03,0.00,0.08,0.16,0.13,0.07,0.17,0.00,0.02,0.05,0.00,0.00,0.00,0.00,0.00,0.07,0.15,0.05,0.10,0.00,0.00,0.00,0.04,0.00,0.00,0.03,0.00,0.00,0.00,0.01,0.01,0.08,0.00,0.00,0.01,-0.00,0.00,0.09,0.00,0.11,0.00,0.01
0.16,0.00,0.00,0.00,0.37,0.51,0.09,0.43,0.08,0.00,0.01,0.01,0.04,0.44,0.00,0.00,0.00,0.00,0.42,0.00,0.06,0.03,0.15,0.00,0.00,0.00,0.56,0.01,0.44,0.01,0.01,0.56,0.07,0.08,0.00,0.61,0.00,0.55,0.00,0.00,0.00,0.01,0.48,0.48,0.06,0.55,0.06,0.00,0.50,0.00,0.12,0.00,0.48,0.39,0.02,0.00,0.09,0.18,0.00,0.17,0.00,0.12,0.01,0.00,0.48,0.55,0.10,0.00,0.00,0.00,0.20,0.51,0.01,0.12,0.00,0.00,0.00,0.07,0.00,0.02,0.01,0.09,0.05,0.02,-0.00,0.00,0.11,0.00,0.05,0.13,0.11,0.00,0.00,-0.00,0.00,0.52,0.00,0.48,0.45,0.58,0.14,0.20,0.11,0.00,0.46,0.01,0.00,0.15,0.00,0.00,0.13,0.05,0.00,0.00,0.00,0.04,0.00,0.42,0.00,0.00,0.00,0.02,0.05,0.00,0.08,-0.00,0.00,0.02,0.00,0.04,0.07,0.56,0.61,0.00,0.00,0.00,0.00,0.00,0.58,0.02,0.00,0.00,0.00,0.55,0.00,0.12,0.00,0.13,0.03,0.11,0.06,0.00,0.55,0.00,0.06,0.13,-0.00,0.43,0.00,0.00,0.65,0.00,0.09,0.04,0.03,0.03,0.03,0.00,0.07,0.54,0.00,0.00,0.00,0.00,0.51,0.02,0.03,0.03,0.00,0.03,0.00,-0.00,0.07,0.04,0.19,0.00,0.00,0.01,0.08,0.09,0.16,0.05,0.00,0.02,0.02,0.00,0.00,0.10,0.06,0.00
0.10,0.08,0.02,0.11,0.02,0.03,0.04,0.02,0.00,0.00,0.03,0.00,0.05,0.18,0.00,0.13,0.00,0.01,0.12,0.00,0.00,0.04,0.05,0.00,0.00,0.10,0.09,0.03,0.00,0.02,0.00,0.03,0.00,0.00,0.02,0.00,0.05,0.20,0.00,-0.00,0.00,0.03,0.00,0.00,0.00,0.00,0.00,0.15,0.13,0.10,0.10,0.00,0.00,0.00,0.17,0.06,0.06,0.08,0.00,0.00,0.00,0.09,0.11,0.00,0.10,0.14,0.12,0.00,0.00,0.01,0.00,0.02,0.05,0.00,0.03,0.00,0.00,0.05,0.05,0.09,0.00,0.02,0.00,0.08,0.09,0.03,0.06,0.00,0.06,0.03,0.00,0.13,0.00,0.00,0.01,0.00,0.04,0.00,0.09,0.15,0.00,0.09,0.02,0.00,0.00,0.00,0.00,0.07,0.00,0.00,0.05,0.04,0.00,0.00,0.00,0.00,0.04,0.03,0.00,0.01,0.03,0.00,0.00,0.01,0.00,0.09,0.00,0.00,0.00,0.01,0.00,0.00,0.00,0.11,0.00,0.05,0.12,0.05,0.04,0.00,0.00,0.03,0.04,0.00,0.13,0.00,0.05,0.00,0.00,0.04,0.00,0.02,0.08,0.10,0.00,0.00,0.12,0.03,0.00,0.00,0.00,0.09,0.00,0.00,0.03,0.09,0.03,0.00,0.11,0.02,0.06,0.00,0.06,0.00,-0.00,0.05,0.00,0.00,0.06,0.01,0.13,0.00,0.00,0.00,0.11,0.00,0.00,0.02,0.00,0.23,0.00,-0.00,0.00,0.00,0.00,0.00,0.01,0.00,0.00,0.00
0.11,0.02,0.02,0.03,0.00,0.00,0.12,0.00,0.00,0.12,-0.00,0.01,0.00,0.00,0.02,0.09,0.00,0.04,0.09,0.00,0.00,0.05,0.00,0.03,0.06,0.04,0.00,0.01,0.07,0.07,0.00,0.00,0.00,0.05,0.00,0.00,0.08,0.00,0.14,0.00,0.00,0.06,0.09,0.00,0.05,0.00,0.00,0.11,0.00,-0.00,0.10,0.00,0.00,0.00,0.00,0.14,0.00,0.09,0.00,0.00,0.15,0.06,0.02,0.06,0.00,-0.00,0.12,0.00,0.01,0.09,0.00,0.05,0.09,0.23,0.00,0.00,0.00,0.04,0.04,0.00,0.02,0.08,0.10,0.09,0.08,0.00,0.01,0.00,0.00,0.19,0.00,0.00,0.00,0.00,0.00,0.00,0.00,0.04,0.11,0.14,0.00,0.04,0.04,-0.00,0.04,0.00,0.00,0.04,0.00,0.00,0.00,0.09,0.00,0.00,0.02,0.00,0.00,0.09,0.00,0.07,0.05,0.00,0.00,0.00,0.11,0.06,0.07,0.13,0.13,0.02,0.00,-0.00,0.00,0.00,0.03,0.00,0.04,0.01,0.07,0.00,0.00,0.00,0.12,0.06,0.02,0.03,0.00,0.02,0.00,0.00,0.03,0.00,0.16,0.00,0.00,0.00,0.00,0.00,0.05,0.00,0.09,0.06,0.00,0.01,0.00,0.00,0.09,0.00,0.00,0.03,0.00,0.00,0.00,0.07,0.01,0.10,0.12,0.00,0.00,0.04,0.00,0.03,0.00,0.00,0.03,0.01,-0.00,0.02,0.02,0.00,0.02,0.00,0.00,0.07,0.02,0.04,0.10,0.07,0.17,0.00
0.06,0.06,0.00,0.03,0.00,0.00,0.00,0.13,0.12,0.00,0.00,0.05,0.00,0.00,-0.00,0.00,0.00,0.01,0.10,0.10,0.08,-0.00,0.19,0.06,0.00,-0.00,0.04,0.09,0.17,0.02,0.07,0.00,0.00,-0.00,0.09,0.00,0.00,0.06,0.06,0.01,0.06,0.00,0.03,0.00,0.00,0.00,0.00,0.00,0.00,0.11,0.00,0.00,0.00,0.00,0.00,0.03,0.00,0.00,0.00,0.01,0.01,0.00,0.05,0.00,0.14,0.04,0.06,0.00,0.00,0.00,0.04,-0.00,0.02,0.00,0.01,0.04,0.11,0.07,0.03,0.01,0.05,0.03,0.00,0.03,0.05,0.09,0.09,0.05,0.00,0.00,0.02,0.00,0.00,0.11,0.00,0.00,0.00,0.00,0.17,0.00,0.04,0.06,0.00,0.08,0.00,0.00,0.00,0.00,0.00,0.02,0.01,0.00,0.08,0.00,0.01,0.03,0.00,0.00,0.00,0.11,0.04,0.00,0.00,0.06,0.00,0.05,0.00,0.00,-0.00,0.13,0.00,0.13,0.09,0.14,0.15,0.00,0.09,0.00,0.23,0.01,0.02,0.01,0.00,0.00,0.17,0.00,0.02,0.01,0.00,0.12,0.02,0.01,0.00,0.00,0.00,0.00,0.00,0.00,0.05,0.02,0.00,0.01,0.05,0.01,0.00,0.00,0.00,0.09,0.06,0.04,0.02,0.00,0.00,0.00,0.13,0.00,0.00,0.09,0.08,0.00,0.11,0.00,0.00,0.05,0.00,0.00,0.06,0.00,0.00,0.10,0.00,0.00,0.00,0.00,0.05,0.00,0.00,0.02,0.00,0.00
0.00,0.00,0.00,0.00,0.05,0.13,0.07,0.00,0.00,0.00,0.00,0.06,0.00,0.10,0.00,0.00,0.00,0.00,0.06,0.00,0.00,0.00,-0.00,0.03,0.01,0.00,-0.00,0.02,0.00,0.00,0.00,0.06,0.00,0.00,0.00,0.04,0.02,0.00,0.03,0.00,0.00,0.00,0.10,0.05,0.02,0.05,0.05,0.06,0.01,0.09,0.03,0.03,0.00,0.00,0.00,0.00,0.00,0.00,0.00,0.03,0.00,0.01,0.00,0.06,0.00,0.09,0.00,0.03,0.00,0.00,0.00,0.03,0.14,0.00,0.11,0.00,0.02,0.00,0.11,-0.00,0.00,0.00,0.12,0.01,-0.00,0.00,0.07,0.00,0.00,0.02,0.05,0.00,-0.00,0.00,0.00,0.05,0.06,0.00,0.13,0.00,0.00,0.00,0.04,0.13,0.00,0.00,0.03,0.00,0.09,0.00,0.03,0.01,0.09,0.05,0.00,-0.00,0.00,0.00,0.20,0.00,0.06,0.00,0.14,0.00,0.06,0.01,0.02,0.02,0.03,0.05,0.00,0.10,0.02,0.00,0.00,0.06,0.06,-0.00,0.00,0.06,0.00,0.00,0.04,0.00,0.11,0.00,0.10,0.07,0.03,0.15,0.00,0.02,0.00,0.00,0.00,0.00,0.00,0.11,0.00,0.00,0.00,0.00,0.00,0.02,0.06,0.07,0.00,0.00,0.00,0.00,0.04,0.00,0.00,0.00,0.01,0.02,0.00,0.04,0.00,0.07,0.06,0.07,0.00,0.00,0.00,0.05,0.00,0.06,0.00,0.00,0.03,0.06,0.00,0.00,0.00,0.09,0.14,0.00,0.00,0.00
0.12,0.07,0.04,0.00,0.06,0.06,0.00,0.00,0.00,0.00,0.05,0.03,0.00,0.06,0.00,0.17,0.00,0.00,0.04,0.06,0.00,0.00,0.00,0.00,0.01,0.00,0.08,0.13,0.00,0.01,0.04,-0.00,0.07,0.00,0.00,0.00,0.00,0.06,0.00,0.00,0.00,0.00,0.08,0.13,0.00,0.05,-0.00,0.00,0.01,0.00,0.00,0.01,0.00,0.00,0.06,0.00,0.04,0.08,0.00,0.00,0.05,0.00,0.00,0.10,0.13,0.04,0.00,0.08,0.02,-0.00,0.22,0.00,0.00,0.00,0.00,0.04,0.09,0.01,0.00,0.03,0.11,0.01,-0.00,0.11,0.00,0.00,0.00,0.01,0.00,0.04,0.00,0.00,0.09,0.00,0.10,0.00,0.00,0.00,0.04,0.06,0.00,0.01,0.10,0.00,0.01,0.00,0.03,0.00,0.00,0.08,0.02,0.05,0.07,-0.00,0.00,0.08,0.10,0.00,0.00,-0.00,0.02,0.01,0.00,0.00,0.03,0.02,0.00,0.03,0.00,0.03,0.00,0.00,0.06,0.11,0.00,0.00,0.01,0.00,0.05,0.09,0.14,0.00,0.00,0.07,0.06,0.07,0.09,0.00,0.09,0.00,0.01,0.06,0.00,0.19,0.08,0.00,0.00,0.00,0.07,0.00,0.01,0.08,0.00,0.07,0.00,0.00,0.15,0.00,0.00,0.00,0.00,0.00,0.01,0.03,0.00,0.00,0.14,0.04,0.00,0.00,0.05,0.01,0.05,0.02,0.06,0.02,0.05,0.06,0.00,0.05,0.00,0.00,0.03,0.05,-0.00,0.00,0.00,0.04,0.00,0.00
0.01,0.00,0.01,0.06,0.58,0.53,0.00,0.46,0.12,0.00,0.00,0.09,0.12,0.55,0.00,0.00,0.00,0.00,0.39,0.00,0.00,0.09,0.05,0.00,0.00,0.00,0.65,0.00,0.54,0.04,0.23,0.44,0.00,0.02,0.00,0.48,0.00,0.58,0.01,0.02,0.06,0.00,0.44,0.57,0.00,0.53,0.08,0.07,0.61,0.00,0.01,0.00,0.58,0.57,0.00,0.02,-0.00,0.00,0.04,0.04,0.00,0.02,0.16,0.02,0.44,0.55,0.13,0.11,0.14,0.00,0.00,0.47,0.02,0.00,0.00,0.00,0.03,0.00,0.00,0.01,0.00,0.07,0.05,0.06,0.00,0.01,0.02,0.00,0.00,0.00,-0.00,0.00,0.00,0.00,0.00,0.47,0.00,0.47,0.49,0.43,0.00,0.04,0.00,0.09,0.50,0.17,0.15,0.00,0.01,0.00,0.09,0.00,0.00,0.00,0.01,0.00,0.00,0.61,0.00,0.00,0.02,0.00,0.00,0.00,0.02,0.00,0.00,0.00,0.02,0.17,0.00,0.70,0.50,0.03,0.05,0.00,0.00,0.03,0.43,0.11,0.00,0.00,0.00,0.50,0.12,0.00,0.00,0.00,0.03,0.00,0.07,0.00,0.58,0.02,0.01,0.02,0.00,0.42,0.16,0.22,0.54,0.27,0.07,0.00,0.00,0.06,0.02,0.00,0.00,0.36,0.11,0.00,0.00,0.00,0.55,0.00,0.01,0.04,0.13,0.10,0.03,0.00,0.01,0.00,0.00,0.00,0.00,0.07,0.06,0.08,0.01,0.00,0.00,0.04,0.01,0.11,0.06,0.00,0.00,0.06
0.00,0.02,0.00,0.00,0.41,0.51,0.06,0.47,0.00,0.01,-0.00,0.03,0.00,0.48,0.00,0.00,0.02,0.02,0.56,0.00,0.02,0.00,0.00,0.03,0.11,-0.00,0.43,0.01,0.48,0.14,0.00,0.44,0.00,0.00,0.00,0.47,0.13,0.48,0.01,0.04,0.06,0.00,0.39,0.45,0.02,0.37,0.00,0.07,0.62,0.00,0.00,0.10,0.53,0.72,0.00,0.00,0.00,0.02,0.00,0.18,0.00,0.00,0.00,0.00,0.54,0.44,0.16,0.07,0.02,0.02,0.00,0.43,0.03,0.00,0.00,0.00,0.07,0.00,0.00,0.02,0.07,0.00,0.08,-0.00,-0.00,0.06,0.00,0.00,0.00,0.12,0.19,0.03,0.09,0.00,0.06,0.43,0.01,0.55,0.51,0.67,0.00,0.11,0.02,0.00,0.39,0.00,0.05,0.02,0.00,0.01,0.11,0.12,-0.00,0.15,0.07,0.01,0.00,0.49,0.00,0.06,0.07,0.00,0.00,0.02,0.00,0.09,0.00,0.00,0.05,0.00,0.11,0.32,0.59,0.01,0.00,0.00,0.00,0.00,0.54,0.00,0.09,0.14,0.00,0.36,0.02,0.01,0.00,0.08,0.00,0.00,0.05,0.01,0.54,0.03,0.08,0.08,0.00,0.54,0.00,0.01,0.63,0.01,0.13,0.12,0.00,0.00,0.00,0.04,0.02,0.57,0.08,0.03,0.00,0.03,0.54,0.01,0.00,0.05,0.00,0.00,0.02,0.00,0.02,0.00,0.00,0.02,0.00,0.10,0.00,0.04,0.00,0.00,0.02,0.06,0.09,0.04,0.00,0.00,0.00,0.06
0.01,0.15,0.03,0.03,0.09,0.00,0.00,0.19,0.00,0.10,0.00,0.00,0.00,0.18,0.00,0.00,0.00,0.11,0.17,0.04,0.00,0.00,0.04,0.08,0.00,0.04,0.00,0.15,0.00,0.00,0.00,0.04,0.09,0.07,0.00,0.00,0.03,0.08,0.00,0.09,0.00,0.12,0.00,0.00,0.00,0.05,0.00,0.04,0.00,0.04,0.00,0.00,0.00,0.02,0.06,0.00,0.06,0.04,0.07,0.00,0.00,0.00,0.00,0.05,0.07,0.04,0.02,0.06,0.05,0.00,0.03,0.04,0.00,0.09,0.00,0.04,0.00,0.01,0.00,0.00,0.00,0.07,0.00,0.00,0.07,0.00,0.06,0.00,0.00,0.00,0.06,0.00,0.00,0.06,0.00,0.00,0.00,0.00,0.01,0.00,0.03,0.16,0.00,0.05,0.02,0.06,-0.00,0.01,-0.00,0.04,0.01,0.00,0.01,0.10,0.00,0.10,0.03,0.00,0.02,0.07,0.00,0.00,0.00,0.11,0.04,0.00,0.00,0.06,0.06,0.12,0.00,0.02,0.10,0.05,0.00,0.05,0.00,0.00,0.03,0.12,0.00,0.00,0.05,0.04,0.06,0.12,0.09,0.05,0.01,0.09,0.00,0.11,0.00,0.09,0.07,0.05,0.00,0.02,0.00,0.00,0.00,0.11,0.07,0.00,0.04,0.00,0.00,0.01,0.00,0.00,0.00,0.08,0.13,0.00,0.00,0.08,0.00,0.00,0.00,0.08,0.10,0.09,0.00,0.09,0.00,0.00,0.09,0.00,0.00,0.06,0.03,0.01,0.00,0.09,-0.00,0.00,0.00,0.09,0.00,0.00
0.12,0.00,0.57,0.62,0.00,0.00,0.59,0.08,0.00,0.00,0.00,0.06,0.03,0.00,0.04,0.61,0.00,0.04,0.55,0.05,0.00,0.55,0.56,0.49,0.10,0.55,0.07,0.05,0.67,0.00,0.00,0.07,0.00,0.00,0.40,0.00,0.63,0.01,0.06,0.00,0.57,-0.00,0.00,0.00,-0.00,0.50,0.08,0.00,0.15,0.67,0.14,0.50,0.00,0.06,0.00,0.62,0.00,0.05,0.00,0.01,0.00,0.05,0.62,0.63,0.00,0.06,0.00,0.58,-0.00,0.00,0.03,0.07,0.51,0.50,0.63,0.04,0.00,0.05,0.00,0.01,0.00,0.68,0.00,0.60,0.03,0.11,0.00,0.00,-0.00,0.01,0.00,0.04,0.00,0.02,0.02,0.08,0.00,0.00,0.12,0.04,0.00,0.00,0.65,0.00,0.61,0.12,0.00,0.00,0.21,0.00,0.00,0.58,0.00,0.02,0.03,0.01,0.00,0.18,0.00,0.11,0.52,0.03,0.18,0.54,0.00,0.66,0.10,0.59,0.03,0.00,0.06,0.00,0.05,0.47,0.04,0.05,0.00,0.00,0.00,0.10,0.63,0.00,0.00,0.00,0.00,0.06,0.09,0.00,0.00,0.00,0.04,0.11,0.01,0.01,0.01,0.00,0.23,0.00,0.05,0.01,0.59,0.03,0.40,0.03,0.07,0.00,0.00,0.70,0.09,0.50,0.00,0.61,0.00,0.00,0.08,0.04,0.02,0.10,0.00,0.00,0.00,0.10,0.09,0.58,0.02,0.13,0.00,0.14,0.00,0.00,0.13,0.41,0.00,0.00,0.00,0.03,0.00,0.00,0.00,0.00
0.01,0.00,0.00,0.00,0.00,0.00,0.09,0.01,0.01,-0.00,0.00,0.00,0.02,0.00,0.01,0.00,0.07,0.06,0.00,0.06,0.00,0.08,0.02,0.02,0.00,0.00,0.02,0.04,0.11,0.00,0.00,0.15,0.18,0.06,0.00,0.11,0.19,0.00,0.00,0.03,0.03,0.03,0.09,0.00,0.04,0.00,0.00,0.04,0.05,0.00,0.04,0.00,0.00,0.07,0.02,0.05,0.00,0.00,0.00,0.05,0.08,0.08,0.04,0.00,0.04,0.03,0.03,0.10,0.00,0.01,0.02,0.24,0.03,0.00,0.03,0.04,0.00,0.00,0.00,0.05,0.00,0.06,0.01,0.00,0.02,0.03,0.07,0.03,0.00,0.00,0.03,0.03,0.00,0.01,0.00,0.01,0.00,0.02,0.00,0.06,0.09,0.06,0.03,0.03,0.00,0.00,0.00,0.00,0.09,0.00,0.00,0.00,0.00,0.06,0.00,0.04,0.02,0.05,0.01,0.07,0.14,0.00,0.00,0.00,0.17,0.05,0.04,0.00,0.00,0.00,0.07,0.00,0.00,0.05,0.00,0.01,0.04,0.07,0.08,0.00,0.00,0.00,0.00,0.13,0.00,0.00,0.06,0.01,0.00,0.14,0.08,0.00,0.08,0.00,0.00,0.10,0.00,0.00,0.08,-0.00,0.00,0.09,0.03,0.00,0.02,0.09,0.05,0.02,0.08,0.10,0.00,0.00,0.00,0.00,0.00,0.00,0.04,0.03,0.00,0.00,0.06,0.05,0.14,0.06,0.13,0.00,0.04,0.09,0.11,0.11,0.05,0.00,0.00,0.06,0.00,0.04,0.03,0.10,-0.00,0.00
0.01,0.00,0.00,0.03,0.01,0.13,0.01,0.04,0.05,0.00,0.00,0.00,0.00,0.01,0.01,0.00,0.00,-0.00,0.02,0.15,0.00,0.00,0.00,-0.00,0.00,0.05,0.00,0.00,0.00,-0.00,0.00,0.02,0.11,0.03,0.00,0.00,0.08,-0.00,0.04,0.00,0.00,0.00,0.16,0.00,0.00,-0.00,0.00,0.00,0.16,-0.00,0.15,0.00,0.04,0.02,0.09,0.09,0.05,-0.00,0.00,0.03,0.00,0.13,0.12,0.18,0.00,0.03,0.04,0.02,0.00,0.00,0.00,0.00,0.00,0.00,0.00,0.00,-0.00,0.07,0.00,0.00,0.09,0.02,0.03,0.00,0.07,-0.00,0.00,0.08,0.00,0.03,0.00,0.00,0.16,0.00,0.00,0.00,0.05,0.06,0.05,0.08,0.00,0.05,0.00,0.06,0.01,0.02,0.01,0.00,0.02,0.00,0.00,0.00,0.05,0.12,0.00,0.14,0.00,0.02,0.04,0.01,-0.00,0.00,0.00,0.03,0.06,0.09,0.12,0.10,0.01,0.03,0.04,0.00,0.02,0.00,0.05,0.03,0.00,0.00,-0.00,0.11,0.02,0.00,0.13,0.03,0.09,0.08,0.04,0.00,0.00,0.03,0.03,0.06,0.05,0.12,0.12,0.11,0.10,0.00,0.09,0.04,0.00,0.04,0.03,0.00,0.15,0.00,0.03,0.00,0.00,0.00,0.00,0.00,0.00,0.00,0.03,0.04,0.07,0.07,0.00,0.00,0.15,0.00,-0.00,0.05,0.02,0.00,0.16,0.06,0.00,0.01,0.00,0.04,0.00,0.00,0.00,0.00,0.07,0.06,0.01,0.03
0.00,0.00,0.42,0.61,0.08,0.00,0.58,0.00,0.00,0.00,0.00,0.00,0.00,0.00,0.08,0.51,0.14,0.00,0.65,0.00,0.05,0.62,0.46,0.54,0.00,0.53,0.03,0.00,0.70,0.00,0.00,0.00,0.02,0.00,0.54,0.04,0.52,0.05,0.00,0.00,0.50,0.00,0.04,0.00,0.10,0.75,0.00,0.00,0.00,0.55,-0.00,0.65,0.03,0.00,0.05,0.49,0.05,0.08,0.00,0.00,0.00,0.08,0.51,0.46,0.00,0.00,0.00,0.51,0.10,0.02,0.02,-0.00,0.63,0.64,0.64,0.00,0.05,0.00,0.00,0.07,0.00,0.49,0.01,0.59,0.00,0.01,0.00,0.00,0.00,0.00,0.01,0.00,0.14,0.12,0.00,0.00,0.06,0.03,0.00,0.11,0.00,0.00,0.41,-0.00,0.65,0.18,0.03,0.00,0.14,0.00,0.12,0.59,0.00,0.00,0.00,0.06,0.12,0.00,0.00,0.00,0.63,0.00,0.00,0.50,0.10,0.50,0.00,0.53,0.17,-0.00,0.00,0.00,0.00,0.49,0.03,0.00,0.00,0.00,0.00,0.01,0.59,0.00,0.00,0.00,0.00,0.12,0.20,0.00,0.05,0.00,0.11,0.00,-0.00,0.04,0.04,0.06,0.04,0.20,0.00,0.03,0.47,0.03,0.43,0.00,0.00,-0.00,0.00,0.56,0.00,0.57,0.00,0.50,0.06,0.10,0.04,0.00,0.03,0.10,0.09,0.13,0.00,0.09,0.00,0.48,0.13,0.09,0.03,0.00,0.00,0.00,0.00,0.74,0.00,0.02,0.04,0.00,0.03,0.02,0.05,0.00
0.01,0.07,0.61,0.48,0.00,0.09,0.61,0.00,0.00,0.05,0.00,0.00,0.09,0.02,0.00,0.53,0.00,0.08,0.54,0.06,0.17,0.54,0.45,0.59,0.11,0.51,0.07,0.00,0.66,0.12,0.09,0.00,0.09,0.00,0.65,0.00,0.59,0.00,0.05,0.01,0.53,0.09,0.04,0.00,0.00,0.53,0.00,0.03,0.00,0.53,0.03,0.58,0.00,0.00,0.03,0.60,0.02,0.12,0.00,0.00,0.00,0.00,0.71,0.59,0.04,0.00,0.04,0.63,0.03,0.06,0.04,0.00,0.61,0.57,0.55,0.07,0.00,0.00,0.05,0.04,0.02,0.56,0.00,0.60,0.00,0.14,0.00,0.00,0.00,0.00,0.17,0.11,0.11,0.07,0.00,0.10,0.03,0.00,0.15,0.00,0.01,0.00,0.51,0.00,0.59,0.00,0.00,0.00,0.00,0.03,0.00,0.57,0.00,0.00,0.05,0.11,0.00,0.00,0.06,0.00,0.59,0.09,0.01,0.67,0.05,0.50,0.00,0.60,0.00,0.00,0.05,0.00,0.08,0.54,0.01,0.11,0.00,0.00,0.00,0.00,0.62,0.04,0.03,0.00,0.03,0.00,0.00,0.00,0.04,0.00,0.00,0.00,0.00,0.02,0.00,0.11,0.05,0.03,0.00,0.00,0.53,0.00,0.65,0.07,0.04,0.00,0.06,0.59,0.00,0.55,0.00,0.61,0.00,0.00,0.04,0.03,0.00,0.00,0.00,0.17,0.10,0.00,0.17,0.69,0.00,0.05,0.00,0.28,0.08,0.00,0.00,0.34,0.03,0.00,0.04,0.03,0.00,0.06,0.00,0.00
0.07,0.00,0.00,0.03,0.00,0.01,0.00,0.01,0.00,0.00,0.03,0.00,0.05,0.00,0.00,0.00,0.07,0.12,0.08,0.11,0.04,0.04,0.00,0.00,0.10,0.00,0.06,0.02,0.11,0.00,0.00,0.07,0.01,0.04,0.12,0.00,0.00,0.01,0.02,0.00,0.01,0.03,0.00,0.00,0.00,0.08,0.00,0.05,0.03,0.11,0.00,-0.00,0.06,0.03,0.00,0.11,0.11,0.03,0.00,0.11,0.10,0.04,0.07,0.00,0.02,0.05,0.05,0.00,0.00,0.06,0.06,0.07,0.00,0.02,0.07,0.02,0.00,0.03,0.06,-0.00,0.02,0.00,0.02,0.00,0.00,0.00,0.02,0.11,0.00,0.00,0.00,0.00,0.00,-0.00,0.06,0.00,0.07,0.08,0.06,0.00,0.07,0.00,0.01,0.07,0.00,0.02,0.02,0.00,0.07,0.00,0.05,0.05,0.00,0.00,0.00,0.10,0.00,0.00,0.00,0.00,0.03,0.00,0.00,0.00,0.06,0.01,0.02,0.00,0.00,0.20,0.00,0.04,0.00,0.01,0.09,0.10,0.07,0.06,0.00,0.09,0.00,0.00,0.04,0.00,0.00,0.00,0.00,0.00,0.00,0.00,0.00,-0.00,0.05,0.05,0.00,0.00,0.00,0.04,0.00,0.04,0.00,0.00,0.00,0.06,0.00,0.00,0.00,0.00,0.02,0.09,0.06,0.00,0.06,0.05,0.04,0.00,0.03,0.05,0.13,0.00,0.09,0.03,0.02,0.00,0.00,0.00,0.01,0.08,0.05,0.04,0.11,0.01,0.00,0.00,0.04,0.00,0.09,0.00,0.03,0.00
0.00,-0.00,0.11,0.00,0.00,0.15,0.00,0.00,0.00,0.00,0.01,0.00,0.00,0.08,0.09,0.03,0.00,0.00,0.00,0.00,0.12,0.01,0.06,0.00,0.00,0.00,0.02,0.06,0.00,0.03,-0.00,0.00,0.02,0.00,0.05,0.00,0.00,0.02,-0.00,0.00,0.00,0.07,0.00,0.10,0.00,0.02,0.21,0.00,0.11,0.00,0.02,0.00,0.00,0.00,0.00,0.00,0.00,0.00,0.00,0.00,0.00,0.00,0.09,0.15,0.00,0.00,0.00,0.00,0.00,-0.00,0.00,0.09,0.02,0.07,0.00,0.00,0.02,0.05,0.00,0.12,0.03,0.00,0.03,0.00,0.00,0.00,0.01,0.07,-0.00,0.06,0.07,0.00,0.01,0.01,0.06,0.00,0.00,0.06,0.00,0.00,0.00,0.00,0.00,0.10,0.00,0.09,0.10,0.01,0.00,0.09,0.05,0.07,-0.00,0.00,0.00,0.00,0.05,-0.00,0.07,0.00,0.05,0.00,0.02,0.06,0.08,0.00,0.10,0.06,0.00,0.03,0.09,0.00,0.02,0.00,0.00,0.01,0.00,0.00,0.00,0.00,0.00,0.03,0.09,0.04,0.00,0.00,0.03,0.03,0.00,0.00,0.04,0.06,0.00,-0.00,0.03,0.00,0.00,0.00,-0.00,0.00,0.01,0.08,0.00,0.00,0.00,0.00,0.00,0.13,0.04,0.11,0.00,0.00,0.00,0.00,0.07,0.03,0.00,0.02,0.00,0.03,0.00,0.03,0.04,0.00,0.03,0.01,0.07,0.03,0.00,0.00,0.01,0.00,0.00,0.19,0.00,0.00,0.14,0.00,0.03,0.06
0.00,0.00,0.01,0.00,0.02,0.00,0.00,-0.00,0.00,0.00,0.07,0.00,-0.00,0.00,0.06,0.10,0.00,0.05,0.00,0.09,0.03,0.00,0.12,0.00,0.06,0.06,0.06,0.06,0.00,0.07,0.05,0.12,0.11,0.00,0.00,0.00,0.00,0.00,0.11,-0.00,0.04,0.01,0.00,0.00,0.00,0.02,0.02,0.01,0.05,0.12,0.00,0.00,0.00,0.12,0.00,0.00,0.00,0.00,0.08,0.00,0.01,0.06,0.01,0.01,0.00,0.09,0.07,0.11,0.00,0.04,0.04,0.00,0.00,0.14,0.09,0.00,-0.00,0.00,0.00,0.04,0.06,0.04,0.00,-0.00,0.00,0.03,0.02,0.00,0.00,0.00,0.00,0.00,0.03,0.01,0.02,0.18,0.00,0.07,0.00,0.00,0.02,0.00,-0.00,0.07,0.14,0.01,0.03,0.00,0.02,0.00,0.05,0.08,0.01,0.02,0.00,0.04,0.00,0.12,0.00,0.00,0.05,0.04,0.07,0.00,0.05,0.00,0.00,0.02,0.02,0.00,0.05,0.00,0.00,0.03,0.00,0.00,0.14,0.08,-0.00,0.13,0.00,0.00,0.00,0.00,0.00,0.00,0.05,0.01,0.05,0.07,0.00,0.00,0.01,0.00,0.00,0.00,0.00,0.01,0.00,0.01,0.00,0.08,0.00,0.00,0.01,0.12,0.00,0.00,0.00,0.00,0.00,0.00,0.00,0.00,0.00,0.00,-0.00,0.00,0.04,0.00,0.00,0.03,0.05,0.08,0.02,0.05,0.00,0.01,-0.00,0.03,0.08,0.03,0.05,0.00,0.08,0.04,0.00,0.00,0.00,0.00
0.00,0.06,0.00,0.00,0.04,0.00,0.03,0.00,0.03,0.00,0.02,0.00,0.05,0.12,0.00,0.00,0.00,0.00,0.09,0.00,0.07,0.00,0.00,0.06,0.00,0.00,0.00,0.00,0.00,0.00,0.08,0.05,0.06,0.00,0.00,0.08,0.00,0.00,0.04,0.00,0.00,0.01,0.00,0.00,0.05,0.00,0.16,0.01,0.04,0.07,0.10,0.00,0.00,0.00,0.00,0.10,0.06,0.01,0.00,0.05,0.00,0.00,0.00,0.00,0.00,0.00,0.05,0.01,0.00,0.09,0.03,0.07,0.00,0.04,0.09,0.06,0.00,-0.00,0.00,0.11,0.07,0.00,0.05,0.00,0.00,0.04,0.00,0.00,0.00,0.09,0.00,0.00,0.00,0.10,0.00,0.12,0.00,0.00,0.00,0.13,0.00,0.03,0.00,0.00,0.00,0.00,0.00,0.00,0.00,-0.00,0.00,0.12,0.04,0.00,0.03,0.00,0.00,0.10,0.00,0.00,0.08,0.02,0.00,0.00,0.07,0.05,0.00,0.00,0.07,0.08,0.12,0.00,0.00,0.00,0.00,0.00,0.00,0.00,0.09,0.00,0.00,0.03,0.10,0.02,0.00,0.00,0.03,0.00,0.00,0.00,0.00,0.00,0.05,0.03,0.00,0.00,0.06,0.00,0.02,-0.00,0.02,0.00,0.00,0.13,0.00,0.07,0.00,0.07,0.01,0.08,0.05,0.13,0.05,0.11,0.00,0.04,0.00,0.00,0.01,0.04,0.00,0.13,0.23,0.00,0.02,0.00,0.00,-0.00,0.00,0.00,0.04,0.05,0.00,0.05,0.03,0.02,0.15,0.04,0.00,0.02
